Creating random 7x7 matrix, A...
A:
       -27        -26         24         21         24         -4        -18 
       -26         15        -16         29        -23         -4         25 
        24        -16        -31        -22        -21          7          0 
        21         29        -22        -20        -21          1         -8 
        24        -23        -21        -21        -14        -22        -17 
        -4         -4          7          1        -22         11          0 
       -18         25          0         -8        -17          0        -18 
Calculating eigenvalues...
Calculation done! Number of sweeps: 4
Eigenvectors
      0.54    0.00146      0.486      -0.35      0.478     0.0134     -0.348 
      0.11      0.603      0.249    -0.0344     0.0932       0.27      0.692 
    -0.513      0.377     0.0804      -0.65    -0.0807     -0.368     -0.154 
    -0.495     -0.378    -0.0278    -0.0713      0.718      0.157      0.256 
    -0.429       0.21      0.512      0.407    -0.0598      0.398     -0.426 
    -0.027      0.086      0.287      0.492      0.212     -0.779      0.126 
   -0.0584     -0.547      0.592     -0.204     -0.438    -0.0338      0.335 
Diagonal composition, D:
     -91.3          0          0          0          0          0          0 
         0      -44.5          0          0          0          0          0 
         0          0      -36.6          0          0          0          0 
         0          0          0      -13.5          0          0          0 
         0          0          0          0       7.14          0          0 
         0          0          0          0          0       26.8          0 
         0          0          0          0          0          0       67.9 
Test that V^T * A * V = D
     -91.3  -1.33e-06   5.96e-08  -3.52e-08   1.03e-10   4.34e-11   5.79e-12 
 -1.33e-06      -44.5    2.7e-06  -1.16e-07   8.52e-10   2.46e-11  -1.81e-13 
  5.96e-08    2.7e-06      -36.6   2.48e-07  -6.38e-11  -3.93e-13   2.13e-14 
 -3.52e-08  -1.16e-07   2.48e-07      -13.5   9.13e-12  -1.53e-15   3.44e-15 
  1.03e-10   8.52e-10  -6.38e-11   9.13e-12       7.14  -3.23e-15   2.39e-09 
  4.34e-11   2.46e-11   -3.9e-13  -1.36e-15  -3.33e-16       26.8   3.45e-08 
  5.79e-12  -1.81e-13   1.95e-14   6.22e-15   2.39e-09   3.45e-08       67.9 
Test that V * D * V^T = A
       -27        -26         24         21         24         -4        -18 
       -26         15        -16         29        -23         -4         25 
        24        -16        -31        -22        -21          7    2.1e-08 
        21         29        -22        -20        -21          1         -8 
        24        -23        -21        -21        -14        -22        -17 
        -4         -4          7          1        -22         11   2.19e-07 
       -18         25    2.1e-08         -8        -17   2.19e-07        -18 
Test first eigenvalue and vector:
A * V[0] :      -49.3        -10       46.8       45.2       39.2       2.47       5.33 
D[0,0] * V[0] :      -49.3        -10       46.8       45.2       39.2       2.47       5.33 
--- Calculate numerically QM particle in a box
Calculation done: Checking that energies are correct
E_n 	 Calculation 	 Exact
E_0 	  9.89015 	 9.86960
E_1 	  39.34139 	 39.47842
E_2 	  88.49029 	 88.82644
E_3 	  155.75401 	 157.91367
E_4 	  242.10108 	 246.74011
E_5 	  345.74971 	 355.30576
E_6 	  465.97634 	 483.61062
E_7 	  601.70727 	 631.65468
E_8 	  751.71332 	 799.43796
E_9 	  914.63605 	 986.96044
