0 1 0
0.05 0.99875 -0.05
0.101918533247774 0.99480799099912 -0.10178624672885
0.155073351269091 0.987992179078878 -0.15452128926089
0.209015746820215 0.978219509624415 -0.207591142550205
0.263456286834119 0.96546852573146 -0.260538314457218
0.318210493535638 0.949755708511904 -0.31301122772963
0.373161651626597 0.931121423744234 -0.364728814804193
0.428236256304303 0.909621984078912 -0.415456809200281
0.483388148099139 0.885325342322185 -0.46499232847754
0.538588391518331 0.858308829840721 -0.513154071518627
0.593818868270193 0.828657990809256 -0.559776213374041
0.64906824126569 0.796465969554718 -0.604704691246949
0.704329419672979 0.761833152699679 -0.647795016346176
0.759597969704004 0.724866908846652 -0.68891104864458
0.814871119449519 0.685681347205863 -0.727924372508389
0.870147136154964 0.644397059000893 -0.764714042208402
0.925424936725911 0.601140827502178 -0.799166550737955
0.980703844179601 0.556045303374907 -0.831175929273835
1.0359834353823 0.509248646936764 -0.860643918833253
1.09126344586751 0.460894140814253 -0.887480177295822
1.14654371034042 0.411129776935761 -0.911602498566887
1.20182412549037 0.360107821625531 -0.932937029203134
1.25710462674761 0.307984362174399 -0.951418473179859
1.31238517375578 0.254918837850322 -0.96699027884033
1.36766574129202 0.201073557951114 -0.979604804181385
1.42294631359201 0.146613209215524 -0.989223457966834
1.47822688080302 0.0917043546939428 -0.995816815016227
1.53350743676709 0.0365149260247037 -0.999364704575069
1.5887879776355 -0.0187862890476373 -0.99985627104791
1.64406850100282 -0.0740301621522825 -0.997290006638603
1.69934900536567 -0.129047741064501 -0.991673755636103
1.75462948978445 -0.183670766103471 -0.983024690236239
1.80990995367194 -0.23773218451914 -0.971369257916194
1.86519039666112 -0.291066661257285 -0.956743100488927
1.92047081852266 -0.343511084516035 -0.93919094506541
1.97575121911323 -0.394905064531655 -0.918766467246687
2.03103159834326 -0.445091424057755 -0.895532126957631
2.0863119561568 -0.493916679031184 -0.869558977420721
2.14159229251889 -0.541231507950296 -0.840926447852
2.19687260740773 -0.586891208527357 -0.809722100542665
2.25215290080968 -0.630756140216788 -0.776041363068595
2.30743317271625 -0.672692151264774 -0.739987236446513
2.36271342312216 -0.712570988973544 -0.701669980129189
2.41799365202412 -0.750270691925208 -0.66120677480299
2.47327385942011 -0.785675962965386 -0.618721364019059
2.52855404530886 -0.818678521805825 -0.574343675754096
2.58383420968963 -0.849177436167582 -0.52820942505816
2.63911435256195 -0.877079430452031 -0.480459699004716
2.69439447392556 -0.902299170995719 -0.431240525212273
2.74967457378032 -0.92475952703671 -0.380702425257227
2.80495465212615 -0.944391806594349 -0.328999954343687
2.86023470896304 -0.96113596654112 -0.276291228638121
2.91551474429099 -0.974940796224199 -0.222737441714337
2.97079475811002 -0.98576407407518 -0.168502371587671
3.02607475042017 -0.9935726967291 -0.113751879845961
3.08135472122148 -0.998342780257926 -0.0586534044091139
3.136634670514 -1.00005973320896 -0.0033754474685053
3.19191459829777 -0.998718301224899 0.0519129398277788
3.24719450457286 -0.994322583109025 0.107042674367921
3.30247438933931 -0.986886018286634 0.161845158166498
3.35775425259717 -0.976431345700937 0.216152793970391
3.4130340943465 -0.962990534269276 0.269799497803653
3.46831391458736 -0.946604685112382 0.322621206883886
3.52359371331979 -0.927323905855711 0.374456381356827
3.57887349054386 -0.905207157387343 0.425146498314755
3.63415324625961 -0.880322073541125 0.474536536587938
3.68943298046709 -0.852744754256563 0.522475450826545
3.74471269316638 -0.822559532848062 0.568816633423239
3.79999238435751 -0.789858718095311 0.613418362863798
3.85527205404055 -0.754742311943568 0.656144237134691
3.91055170221554 -0.717317703677246 0.696863590862174
3.96583132888254 -0.677699341502098 0.735451894907271
4.02111093404161 -0.636008382540398 0.771791137194635
4.07639051769281 -0.59237232230955 0.805770183610698
4.13167007983617 -0.546924604817265 0.837285117867449
4.18694962047177 -0.499804214465749 0.866239559292535
4.24222913959965 -0.451155251012947 0.892544957573864
4.29750863721986 -0.401126488890722 0.916120863557392
4.35278811333247 -0.34987092222767 0.936895175269982
4.40806756793753 -0.297545296967982 0.954804358415029
4.46334700103509 -0.244309631517244 0.969793640666566
4.5186264126252 -0.190326727381118 0.981817179167751
4.57390580270793 -0.135761671293474 0.990838200721525
4.62918517128332 -0.0807813303565421 0.996829114244789
4.68446451835143 -0.0255538417370402 0.999771595142248
4.73974384391231 0.0297519015211323 0.999656641341948
4.79502314796602 0.0849667669951798 0.996484600821198
4.85030243051261 0.139921900113143 0.990265170538754
4.90558169155213 0.194449240533319 0.981017366776592
4.96086093108465 0.248382036094228 0.96876946698201
5.01614014911021 0.301555352763381 0.95355892328799
5.07141934562888 0.353806579025406 0.93543224797632
5.1266985206407 0.404975923167027 0.914444871233809
5.18197767414572 0.454906901938177 0.890660971636649
5.23725680614401 0.503446819094869 0.864153279881372
5.29253591663561 0.550447232360405 0.835002856362664
5.34781500562059 0.595764407376927 0.803298843278288
5.40309407309899 0.639259757259108 0.769138192019249
5.45837311907088 0.680800266405794 0.732625366678923
5.5136521435363 0.72025889727358 0.693872024587895
5.5689311464953 0.757514978868392 0.652996674851507
5.62421012794796 0.792454575767064 0.610124315934394
5.6794890878943 0.824970836540447 0.565386053400335
5.73476802633441 0.854964320512574 0.518918698976462
5.79004694326831 0.882343301856664 0.470864352167954
5.84532583869608 0.907024050098064 0.421369965702712
5.90060471261777 0.928931086166359 0.370586896134954
5.95588356503342 0.947997413213675 0.318670440982059
6.0111623959431 0.964164721493364 0.265779363810146
6.06644120534686 0.977383566672587 0.21207540872076
6.12171999324475 0.987613521033538 0.1577228057234
6.17699875963682 0.994823297101 0.102887768506536
6.23227750452314 0.998990843318209 0.04773798614297
6.28318530717959 1.00012658477777 -0.00318030155104988
