0 -0.000142384561571333
0.0625 0.0801689467537861
0.125 0.151698569610219
0.1875 0.215292324311026
0.25 0.272301003548324
0.3125 0.324253279311816
0.375 0.372616329562164
0.4375 0.418646016723349
0.5 0.463313847412001
0.5625 0.507291008515527
0.625 0.550968954906763
0.6875 0.594499063852626
0.75 0.637838614438128
0.8125 0.680795184341814
0.875 0.723065541284106
0.9375 0.764267889254632
1 0.803967957118888
1.0625 0.841700141555803
1.125 0.876985044059211
1.1875 0.909344543401619
1.25 0.938315217224705
1.3125 0.963460590157721
1.375 0.984382401780672
1.4375 1.00073087681534
1.5 1.01221384120266
1.5625 1.01860445086007
1.625 1.01974727241992
1.6875 1.01556246585989
1.75 1.00604785855378
1.8125 0.991278761740367
1.875 0.971405457877061
1.9375 0.946648375643809
2 0.917291063562677
2.0625 0.883671168390245
2.125 0.846169715692326
2.1875 0.805199072465641
2.25 0.761190040723311
2.3125 0.714578582482692
2.375 0.665792707169659
2.4375 0.615240059601651
2.5 0.563296729067575
2.5625 0.510297757468302
2.625 0.456529758208961
2.6875 0.402225970034592
2.75 0.347563964975411
2.8125 0.292666111764991
2.875 0.237602771076762
2.9375 0.182398072781479
3 0.127038004450962
3.0625 0.0714804306647788
3.125 0.0156665699671263
3.1875 -0.040466614594917
3.25 -0.0969737008053816
3.3125 -0.153888375369654
3.375 -0.211211880156059
3.4375 -0.268902892126828
3.5 -0.32686932630841
3.5625 -0.384962462037179
3.625 -0.442973685253832
3.6875 -0.500634019293243
3.75 -0.557616489506968
3.8125 -0.613541239495928
3.875 -0.667983194956032
3.9375 -0.720481960948151
4 -0.770553544854769
4.0625 -0.817703424444281
4.125 -0.861440431214991
4.1875 -0.901290895123983
4.25 -0.936812498179944
4.3125 -0.967607310162688
4.375 -0.993333527717162
4.4375 -1.01371550504359
4.5 -1.0285517463723
4.5625 -1.03772062284544
4.625 -1.04118367453934
4.6875 -1.03898645736469
4.75 -1.03125698994357
4.8125 -1.01820194321943
4.875 -1.00010079209079
4.9375 -0.977298211132428
5 -0.950195043686746
5.0625 -0.919238204360406
5.125 -0.884909889180037
5.1875 -0.847716466061189
5.25 -0.808177402216388
5.3125 -0.76681455660456
5.375 -0.724142126834951
5.4375 -0.680657493655996
5.5 -0.636833154946014
5.5625 -0.593109887592611
5.625 -0.54989122224425
5.6875 -0.507539264813545
5.75 -0.466371851635535
5.8125 -0.426660983771639
5.875 -0.38863245112338
5.9375 -0.352466529390108
6 -0.318299612693857
6.0625 -0.286226631775301
6.125 -0.256304101613454
6.1875 -0.228553642477147
6.25 -0.202965823943262
