0 0.0357370914389845 2.93155238398052 -3
0.0625 0.21842425740418 2.91309348051979 -2.99205145023012
0.125 0.39970374822503 2.88647419543658 -2.97272628590263
0.1875 0.579059742833789 2.85151409176888 -2.9421285473738
0.25 0.755966118170702 2.80806432243128 -2.90039484603761
0.3125 0.929888493579108 2.75600985173031 -2.8476949450362
0.375 1.10028641018485 2.6952715497085 -2.78423220793586
0.4375 1.26661563663138 2.62580813758 -2.71024390719494
0.5 1.42833059119235 2.54761796284439 -2.6260013848308
0.5625 1.58488686896103 2.46074058320877 -2.53181005835901
0.625 1.73574386153417 2.36525813921607 -2.42800926582395
0.6875 1.88036745538169 2.26129649646967 -2.31497194456518
0.75 2.01823279393571 2.14902613956152 -2.19310413926365
0.8125 2.14882708735826 2.02866280124789 -2.06284433578125
0.875 2.27165245296874 1.90046781206771 -1.92466261834068
0.9375 2.38622876844394 1.76474815745377 -1.77905964868428
1 2.49209651915721 1.62185623143578 -1.62656546699221
1.0625 2.58881962041051 1.47218927826045 -1.46773811552495
1.125 2.67598819484503 1.31618851564162 -1.30316208717325
1.1875 2.75322128500112 1.1543379358829 -1.13344660234175
1.25 2.8201694808461 0.987162783764105 -0.959223718849493
1.3125 2.87651744210403 0.815227712827932 -0.781146280792775
1.375 2.921986295412 0.63913462451798 -0.599885713570735
1.4375 2.9563358866945 0.459520197476829 -0.416129673512309
1.5 2.97936686969404 0.277053117184094 -0.230579561752283
1.5625 2.99092261232182 0.0924310189697473 -0.0439479131740192
1.625 2.99089090339519 -0.0936228397529191 0.143044327645001
1.6875 2.97920544340455 -0.280363159458305 0.329670630491734
1.75 2.9558471041962 -0.467026409482725 0.515201789602934
1.8125 2.92084494386106 -0.652834846314502 0.69890890489831
1.875 2.87427696467316 -0.837000713193256 0.880066418673628
1.9375 2.81627060361473 -1.01873059288758 1.05795519135815
2 2.74700294684331 -1.19722988361814 1.23186559934316
2.0625 2.66670066138679 -1.37170736643719 1.40110063740786
2.125 2.57563963937745 -1.5413798309886 1.564979007912
2.1875 2.4741443522391 -1.7054767254732 1.7228381786972
2.25 2.3625869144042 -1.86324479585079 1.87403739154406
2.3125 2.2413858583395 -2.01395267883438 2.01796060307518
2.375 2.11100462488048 -2.15689541308611 2.15401934017383
2.4375 1.97194977509527 -2.29139883321252 2.28165545230833
2.5 1.82476893209657 -2.41682381168388 2.40034374360921
2.5625 1.67004846337445 -2.53257031466617 2.50959446814035
2.625 1.50841091631304 -2.63808123895074 2.60895567253161
2.6875 1.34051222155941 -2.73284599868643 2.69801537099522
2.75 1.16703868081279 -2.81640383245094 2.77640353872479
2.8125 0.988703757379157 -2.88834680332433 2.84379391076759
2.875 0.806244689470949 -2.94832246703053 2.89990557465933
2.9375 0.620418947708287 -2.99603618586785 2.94450434640597
3 0.432000559581585 -3.03125306903201 2.97740392078041
3.0625 0.24177632475241 -3.05379952301618 2.99846678835978
3.125 0.0505419459884227 -3.06356439902083 3.00760491325144
3.1875 -0.140901898760161 -3.06049972768887 3.00478016702866
3.25 -0.331753517138282 -3.04462103496442 2.9900045160081
3.3125 -0.52121416973658 -3.01600723641974 2.96333996063596
3.375 -0.708492017679105 -2.9748001109686 2.92489822739548
3.4375 -0.892806024281458 -2.92120335844868 2.87484021528989
3.5 -1.073389785003 -2.85548124907227 2.81337520057981
3.5625 -1.24949526052465 -2.77795687617993 2.74075980504667
3.625 -1.4203963886027 -2.68901002704729 2.65729673460281
3.6875 -1.5853925513708 -2.58907468966001 2.56333329655929
3.75 -1.74381187597612 -2.4786362163521 2.45925970528407
3.8125 -1.89501434782926 -2.35822816796959 2.34550718732215
3.875 -2.03839471730664 -2.228428864747 2.22254589829673
3.9375 -2.17338518245282 -2.0898576723451 2.09088266505527
4 -2.29945783207159 -1.94317105347242 1.95105856755817
4.0625 -2.41612683554988 -1.78905841718343 1.80364637592302
4.125 -2.52295036780809 -1.62823779929885 1.64924785882714
4.1875 -2.61953225989484 -1.46145140841702 1.48849098013061
4.25 -2.70552336792151 -1.28946107267423 1.32202700110665
4.3125 -2.78062265524192 -1.11304362276299 1.15052750605402
4.375 -2.84457798500452 -0.932986246731148 0.974681369314752
4.4375 -2.89718662241563 -0.750081851767324 0.795191681831284
4.5 -2.93829544823506 -0.565124467537017 0.612772655349595
4.5625 -2.96780088715688 -0.378904724681098 0.428146522213169
4.625 -2.98564855679174 -0.192205440839624 0.242040448399447
4.6875 -2.99183264494321 -0.00579734503722795 0.0551834770306705
4.75 -2.98639502474371 0.179565030517419 -0.131696480948641
4.8125 -2.9694241189692 0.363147264182632 -0.317875592888708
4.875 -2.94105352647315 0.544238739374732 -0.502636972066011
4.9375 -2.90146042515681 0.722156097393976 -0.685273452405056
5 -2.85086376721351 0.896246428737394 -0.865090256809143
5.0625 -2.78952228354257 1.06589018572958 -1.04140754663982
5.125 -2.71773231521475 1.23050380207302 -1.21356284097199
5.1875 -2.63582549068334 1.3895420077509 -1.38091329539618
5.25 -2.5441662680682 1.54249983057729 -1.54283783132779
5.3125 -2.44314936229475 1.68891427855139 -1.69873910800711
5.375 -2.33319707714634 1.82836570000605 -1.84804533061898
5.4375 -2.21475656238956 1.96047882131695 -1.99021188921938
5.5 -2.08829701606165 2.08492346463164 -2.12472282441452
5.5625 -1.95430685177443 2.2014149506626 -2.25109211698701
5.625 -1.81329085049634 2.30971419404186 -2.36886479989349
5.6875 -1.66576731573278 2.40962750103678 -2.4776178922579
5.75 -1.5122652503449 2.50100608155885 -2.57696115614666
5.8125 -1.35332157243959 2.58374528934356 -2.66653767802756
5.875 -1.18947838684017 2.65778360592762 -2.7460242778753
5.9375 -1.0212803276214 2.72310138558807 -2.81513174988673
6 -0.849271986077504 2.77971937972988 -2.87360493970272
6.0625 -0.673995437300552 2.82769706030841 -2.92122266389402
6.125 -0.4959878772942 2.86713076274886 -2.95779747825382
6.1875 -0.315779381247152 2.89815166947611 -2.98317530214425
6.25 -0.13389079225666 2.92092365559878 -2.99723490676664
