4 40 1.1379 27 1.0406
5 60 0.0214 52 0.0276
6 105 0.0369 65 0.0401
10 220 0.1547 243 0.2
15 600 0.4821 588 0.7591
20 210 0.1234 1121 0.9664
25 1625 1.1177 1704 1.5981
40 4100 4.276 4641 6.8697
50 6375 7.767 7252 12.7377
60 9150 13.0883 10561 19.4998
75 14250 25.7656 16946 37.8996
80 16200 29.7605 19039 44.7001
90 20475 42.2945 24297 66.3523
100 25250 56.1297 30294 87.1785
125 39375 106.7787 47864 168.0531
150 56625 188.795 68093 289.1146
175 77000 296.5597 94482 468.7059
200 100500 445.8084 122982 691.5907
225 127125 656.195 155456 1023.7865
250 156875 973.2046 191481 1503.3148
275 189750 1180.3653 237832 1938.4464
300 225750 1542.0548 279565 2420.9645
