0 1
0.01 0.99500058166875
0.03 0.985006704859342
0.07 0.965052503380313
0.1451693904335 0.927770247790188
0.240532122427303 0.881156255189834
0.345180763746709 0.831343083780183
0.454277656841178 0.781466269630297
0.566232711805052 0.733065592938932
0.680876030671726 0.68704161850773
0.798681060310297 0.644099512170415
0.9205144314126 0.604946511128726
1.04625136643843 0.570744047204611
1.17059026437867 0.543636383524488
1.29224527357629 0.523975931528521
1.41144389121159 0.511575424109318
1.52885236992222 0.506173210947624
1.64520327667386 0.507562407436851
1.76119792244645 0.515610486300532
1.87750344604381 0.530252105679469
1.99477969575 0.551480437884158
2.11371663353905 0.57934353187996
2.23508045794908 0.613947514845423
2.35977506209893 0.655468563118299
2.48893387841116 0.704178197850162
2.62334934002265 0.760178019706986
2.75662524921477 0.820079261222869
2.88719582032664 0.881980607654827
3.01533238594554 0.944815289606996
3.14183809881432 1.00788452148291
3.26784782994034 1.07074272278845
3.39599248928709 1.13369503921832
3.52775344960039 1.19634641564964
3.66427955502777 1.25791977145006
3.80674077284302 1.31734757699787
3.95654671501638 1.37325973356337
4.11404685253878 1.42345884911312
4.26926693741406 1.46316810191252
4.4201162861872 1.49158668221332
4.56739078763255 1.50905024713928
4.7125862076559 1.51596097510876
4.85723000224341 1.5125290713391
5.0027757955647 1.49875312863781
5.15067421416122 1.47443909594695
5.30250475095519 1.43920247116263
5.46016042717663 1.39243673952792
5.62613581770449 1.33322969834761
5.80405439212801 1.26018187741512
5.99981054875182 1.17099571806863
6.20257436463088 1.07233631110853
6.28318530717959 1.03220128213767
