0 1
0.01 0.995000083333333
0.03 0.98500224995
0.07 0.965028578550187
0.144787259186208 0.927859102682211
0.23947771786684 0.881402760399795
0.34329485662386 0.83170550619677
0.451463393155637 0.781861387565473
0.562409757054649 0.733391821550912
0.67595678805688 0.68718595386009
0.792554856617037 0.643937169230305
0.913030474356571 0.604336501417936
1.03813244956222 0.569293753164583
1.16205650939568 0.541217324027483
1.28330623204238 0.520555098499791
1.40203862908652 0.507142673162936
1.5188998091542 0.500717738384088
1.63461549442954 0.501066638180735
1.74988043965172 0.508048638381155
1.86535128097929 0.521589302111114
1.98167174717756 0.541671205469469
2.09950858323073 0.568329331905375
2.21959527274298 0.60165299712954
2.34278914190842 0.641795932533704
2.47015505233867 0.68899837407544
2.60310288301291 0.743630340893655
2.73578911234723 0.802665435000842
2.86593507420631 0.863945568819923
2.99355167133421 0.926274544450788
3.11936406773379 0.988899475733199
3.24424261733118 1.05123424268219
3.37061448991348 1.11349689654464
3.50020331003153 1.17545464792418
3.63421649277433 1.23641921466345
3.77380225489058 1.29539360442279
3.92029777651838 1.35108575673887
4.07545748201352 1.40184334638828
4.22883787241127 1.44253124882079
4.37774576611232 1.4720985063977
4.5228016469185 1.49085751353908
4.66547064695875 1.49925168345871
4.80727685615453 1.49754196162765
4.94965866665701 1.48577619135371
5.09402535810692 1.46381034739594
5.24187738268217 1.43131726190825
5.39497079519843 1.38776544586092
5.55556264485539 1.33235398180225
5.72684030481413 1.2638701302653
5.91380546653676 1.18037698295413
6.10972204692523 1.08620107543592
6.28318530717959 0.999958069288235
