     0.031      2.51225224
     0.063      2.06944610
     0.094      1.78683250
     0.125      1.57372911
     0.156      1.40079097
     0.188      1.25455617
     0.219      1.12763953
     0.250      1.01551212
     0.281      0.91517539
     0.313      0.82452931
     0.344      0.74203863
     0.375      0.66654219
     0.406      0.59713727
     0.438      0.53310594
     0.469      0.47386621
     0.500      0.41893853
     0.531      0.36792220
     0.563      0.32047827
     0.594      0.27631695
     0.625      0.23518808
     0.656      0.19687393
     0.688      0.16118351
     0.719      0.12794816
     0.750      0.09701802
     0.781      0.06825914
     0.813      0.04155123
     0.844      0.01678574
     0.875     -0.00613574
     0.906     -0.02730275
     0.938     -0.04679707
     0.969     -0.06469367
     1.000     -0.08106147
     1.031     -0.09596402
     1.063     -0.10946012
     1.094     -0.12160425
     1.125     -0.13244707
     1.156     -0.14203577
     1.188     -0.15041442
     1.219     -0.15762421
     1.250     -0.16370380
     1.281     -0.16868946
     1.313     -0.17261532
     1.344     -0.17551354
     1.375     -0.17741445
     1.406     -0.17834675
     1.438     -0.17833757
     1.469     -0.17741263
     1.500     -0.17559636
     1.531     -0.17291193
     1.563     -0.16938142
     1.594     -0.16502582
     1.625     -0.15986517
     1.656     -0.15391858
     1.688     -0.14720430
     1.719     -0.13973978
     1.750     -0.13154173
     1.781     -0.12262616
     1.813     -0.11300839
     1.844     -0.10270315
     1.875     -0.09172456
     1.906     -0.08008621
     1.938     -0.06780115
     1.969     -0.05488194
     2.000     -0.04134070
     2.031     -0.02718906
     2.063     -0.01243828
     2.094      0.00290080
     2.125      0.01881771
     2.156      0.03530234
     2.188      0.05234492
     2.219      0.06993599
     2.250      0.08806641
     2.281      0.10672734
     2.313      0.12591019
     2.344      0.14560667
     2.375      0.16580873
     2.406      0.18650855
     2.438      0.20769857
     2.469      0.22937143
     2.500      0.25152000
     2.531      0.27413733
     2.563      0.29721668
     2.594      0.32075151
     2.625      0.34473544
     2.656      0.36916226
     2.688      0.39402596
     2.719      0.41932064
     2.750      0.44504058
     2.781      0.47118022
     2.813      0.49773412
     2.844      0.52469698
     2.875      0.55206363
     2.906      0.57982905
     2.938      0.60798830
     2.969      0.63653660
     3.000      0.66546925
     3.031      0.69478169
     3.063      0.72446945
     3.094      0.75452815
     3.125      0.78495353
     3.156      0.81574141
     3.188      0.84688773
     3.219      0.87838848
     3.250      0.91023977
     3.281      0.94243778
     3.313      0.97497876
     3.344      1.00785906
     3.375      1.04107509
     3.406      1.07462335
     3.438      1.10850039
     3.469      1.14270286
     3.500      1.17722744
     3.531      1.21207090
     3.563      1.24723008
     3.594      1.28270186
     3.625      1.31848318
     3.656      1.35457107
     3.688      1.39096258
     3.719      1.42765484
     3.750      1.46464501
     3.781      1.50193033
     3.813      1.53950807
     3.844      1.57737555
     3.875      1.61553015
     3.906      1.65396928
     3.938      1.69269042
     3.969      1.73169108
     4.000      1.77096880
     4.031      1.81052118
     4.063      1.85034586
     4.094      1.89044051
     4.125      1.93080285
     4.156      1.97143064
     4.188      2.01232165
     4.219      2.05347373
     4.250      2.09488472
     4.281      2.13655253
     4.313      2.17847508
     4.344      2.22065034
     4.375      2.26307630
     4.406      2.30575098
     4.438      2.34867246
     4.469      2.39183880
     4.500      2.43524812
     4.531      2.47889857
     4.563      2.52278833
     4.594      2.56691558
     4.625      2.61127856
     4.656      2.65587552
     4.688      2.70070473
     4.719      2.74576450
     4.750      2.79105316
     4.781      2.83656905
     4.813      2.88231055
     4.844      2.92827606
     4.875      2.97446399
     4.906      3.02087279
     4.938      3.06750092
     4.969      3.11434687
     5.000      3.16140914
     5.031      3.20868625
     5.063      3.25617676
     5.094      3.30387921
     5.125      3.35179221
     5.156      3.39991435
     5.188      3.44824425
     5.219      3.49678054
     5.250      3.54552190
     5.281      3.59446698
     5.313      3.64361448
     5.344      3.69296311
     5.375      3.74251158
     5.406      3.79225865
     5.438      3.84220305
     5.469      3.89234357
     5.500      3.94267899
     5.531      3.99320811
     5.563      4.04392975
     5.594      4.09484273
     5.625      4.14594589
     5.656      4.19723810
     5.688      4.24871823
     5.719      4.30038515
     5.750      4.35223777
     5.781      4.40427500
     5.813      4.45649575
     5.844      4.50889897
     5.875      4.56148361
     5.906      4.61424861
     5.938      4.66719295
     5.969      4.72031562
