0 1
0.01 0.999921876302083
0.0234350288425444 0.999816930595397
0.0503050865276332 0.999607157253969
0.104045201897811 0.999188612824783
0.211525432638166 0.998359759233195
0.426485894118876 0.996768362093165
0.827567634850113 0.994252286291989
1.34579400026992 0.992411045777508
1.95284748873439 0.992826827191505
2.56131704058929 0.995820230728917
3.18916999371714 1.00044087569405
3.85351264845419 1.00505114886749
4.52030972025604 1.00744081513119
5.26179562551026 1.00627506027355
6.01146051096343 1.00175008324703
6.28318530717959 0.999756879325134
