0 1 0
1 1.16124994224331 0.0112499868861631
2 1.34850141113615 0.013064043330266
3 1.56594714256908 0.015170614930336
4 1.81845594734519 0.0176168692398382
5 2.11168172692606 0.0204575793987301
6 2.45219006749764 0.0237563504707277
7 2.84760524669592 0.027587043505256
8 3.30678094431232 0.03203542919945
9 3.83999847894663 0.0372011081727651
10 4.45919700876338 0.0431997408314003
11 5.17824085001957 0.050165636724893
12 6.01322989787079 0.0582547613373853
13 6.9828600987087 0.0676482275903536
14 8.10884204350482 0.0785563501699409
15 9.41638705237306 0.0912233533715336
16 10.9347716308824 0.10593283775652
17 12.6979929322908 0.123014127865439
18 14.7455298959893 0.142849642903818
19 17.1232270964918 0.16588345514726
20 19.8843210820143 0.192631227305382
21 23.0906321682621 0.223691750823928
22 26.8139483524722 0.259760342766897
23 31.137632307409 0.301644400287802
24 36.1584874003971 0.350281459675005
25 41.9889244693657 0.406760162584663
26 48.7594778046792 0.472344596561131
27 56.6217265810624 0.548502551677694
28 65.7516870306329 0.636938321710038
29 76.3537511456285 0.739630778519729
30 88.6652598790691 0.858877564386077
31 102.961812940838 0.997346381300259
32 119.563433674879 1.15813451148786
33 138.841726507897 1.34483788280306
34 161.228186493897 1.56163119971354
35 187.2238460184 1.81336089940904
36 217.410473319845 2.10565296766376
37 252.463571765118 2.44503796553787
38 293.167468506829 2.83909598144719
39 340.432827084058 3.29662463973452
40 395.31697165804 3.82783377332657
41 459.047471986637 4.44457091146943
42 533.049509173072 5.16058235127983
43 618.977624077345 5.99181528132767
44 718.752544634637 6.95676721367812
45 834.603896959104 8.07688986379223
46 969.11973000132 9.37705559955739
47 1125.30392685844 10.8860956625183
48 1306.64273999452 12.6374205422099
49 1517.18187518492 14.6697341470611
50 1761.61576266674 17.0278547405015
51 2045.39089654798 19.7636569609363
52 2374.82539775505 22.9371505594561
53 2757.24726423521 26.6177126791037
54 3201.15411687666 30.8854914315419
55 3716.39763195425 35.8329990105208
56 4314.39627082181 41.5669123478843
57 5008.38037299258 48.210097993172
58 5813.6741646085 55.9038749686684
59 6748.01974118708 64.8105241202377
60 7831.94859590674 75.1160440123213
61 9089.2067584681 87.0331404546271
62 10547.2400489797 100.804417654926
63 12237.7462847718 116.705711628959
64 14197.3014328241 135.049468119905
65 16468.0665760238 156.188014417008
66 19098.5820209079 180.516502814606
67 22144.6537346068 208.475207814567
68 25670.3353175746 240.550733453509
69 29749.0055824616 277.275524522014
70 34464.5371176961 319.224868865923
71 39912.5444664567 367.010320998265
72 46201.6911373115 421.268165751751
73 53455.0218604637 482.641175456482
74 61811.2694962559 551.751505030651
75 71426.0639211168 629.162141579385
76 82472.9422268673 715.323927648616
77 95144.0250284501 810.504894459044
78 109650.182376307 914.698606529176
79 126220.46531441 1027.50862896823
80 145100.527442429 1148.00735560251
81 166549.708864639 1274.56962928861
82 190836.409383365 1404.68525147791
83 218231.349108952 1534.7600200433
84 248998.317487192 1659.92263339163
85 283382.065135461 1773.86461083533
86 321593.119215107 1868.75164382462
87 363789.525226432 1935.25588079348
88 410055.854118656 1962.76663981328
89 460380.268451563 1939.8376195673
90 514630.996503145 1854.91651041198
91 572534.165903769 1697.37284188994
92 633655.504532009 1458.78913416062
93 697388.793069826 1134.4113950437
94 762953.996487872 724.578155142823
95 829407.570779951 235.881889894423
96 895666.460397994 -318.211747993351
97 960545.80932137 -917.52900562319
98 1022808.58711158 -1536.27461748622
99 1081223.49560403 -2145.01055933657
100 1134626.05566484 -2713.30580414813
101 1181977.02533791 -3212.67245831987
102 1222412.47512041 -3619.3209286253
103 1255280.93169124 -3916.29453032052
104 1280164.76907327 -4094.67591502437
105 1296885.09899763 -4153.75349138342
106 1305491.37860661 -4100.23767926156
107 1306238.47912166 -3946.77137780862
108 1299554.85784456 -3710.0559403536
109 1286005.72548534 -3408.9109486657
110 1266254.80902726 -3062.52313455649
111 1241027.65638153 -2689.04696521106
112 1211078.6048084 -2304.62501651826
113 1177162.70227857 -1922.81964564363
114 1140013.14045475 -1554.39714542957
115 1100324.18754602 -1207.38121435912
116 1058739.21326408 -887.288715065606
117 1015843.16169635 -597.470065269976
118 972158.720987835 -339.492519342315
119 928145.426525578 -113.522060175881
120 884200.984272471 81.3244632000533
121 840664.1861155 246.672436763965
122 797818.889453452 384.633831421932
123 755898.635003205 497.602457153051
124 715091.571485558 588.095957037967
125 675545.438978544 658.638439097296
126 637372.432587402 711.676995300568
127 600653.824738147 749.525518640301
128 565444.268940001 774.329845060616
129 531775.741859508 788.049071496189
130 499661.105735706 792.448776329951
131 469097.291215921 789.102701078245
132 440068.113114116 779.400193800431
133 412546.739683783 764.557346533524
134 386497.840829216 745.630279590467
135 361879.44311871 723.529443209345
136 338644.520193605 699.034134743773
137 316742.346715349 672.806681655593
138 296119.64275868 645.405930863029
139 276721.533839885 617.299825970151
140 258492.349781866 588.876956249149
141 241376.28351706 560.457033839926
142 225317.928822551 532.300305658372
143 210262.713940786 504.615939670035
144 196157.246109982 477.569445945286
145 182949.5802371 451.289204696507
146 170589.423306391 425.872178915865
147 159028.284631548 401.388890242589
148 148219.580726793 377.887734745378
149 138118.702384811 355.398711473023
150 128683.050498066 333.936631673138
151 119872.046233907 313.503871051662
152 111647.120361829 294.092721722996
153 103971.685822005 275.687394840115
154 96811.0970070626 258.265719461892
155 90132.5986936633 241.80057811393
156 83905.2670975178 226.261114785527
157 78099.9451261472 211.613746802998
158 72689.1735603457 197.823008130604
159 67647.1196007395 184.852248162622
160 62949.5039638522 172.66420696188
161 58573.5274970851 161.221485145119
162 54497.7980990752 150.486924184338
163 50702.2585766868 140.423910755966
164 47168.1159386056 130.996616897099
165 43877.772514838 122.170186091774
166 40814.7591984591 113.91087398433
167 37963.6710281979 106.186151176992
168 35310.1052656944 98.9647744928591
169 32840.602067634 92.2168321535678
170 30542.5878088054 85.9137675151321
171 28404.3210760289 80.0283853099584
172 26414.841323654 74.5348437435912
173 24563.9201578541 69.4086352789519
174 22842.0151983763 64.6265584976385
175 21240.2264519401 60.166683047678
176 19750.2551204689 56.0083093614417
177 18364.3647592096 52.131924548963
178 17075.344694064 48.5191556341057
179 15876.4756037091 45.1527210984186
180 14761.4971699677 42.0163815251308
181 13724.57769911 39.0948899894224
182 12760.2856170646 36.3739427171737
183 11863.5627426801 33.840130429663
184 11029.6992450317 31.4808907034459
185 10254.3101931458 29.2844616005062
186 9533.31360930792 27.2398367617021
187 8862.90994020772 25.3367221047533
188 8239.56286347569 23.5654942250402
189 7659.98135060724 21.9171605619745
190 7121.1029107877 20.3833213645578
191 6620.07794368101 18.9561334659791
192 6154.2551327834 17.6282758579129
193 5721.16781444006 16.392917039833
194 5318.52126105319 15.2436841065559
195 4944.18082035279 14.17463352786
196 4596.16085584375 13.1802235669226
197 4272.61443667214 12.2552882791316
198 3971.82372816263 11.3950130292043
199 3692.19103716274 10.594911462239
200 3432.23046908487 9.85080386307385
201 3190.56015616301 9.15879683795882
202 2965.89501893765 8.51526425287418
203 2757.04002535178 7.91682936372331
204 2562.88391408472 7.36034807496368
205 2382.39335087242 6.84289326491961
206 2214.60748856664 6.36174011796149
207 2058.63290357487 5.91435240586694
208 1913.63888310211 5.49836966294154
209 1778.85303929037 5.11159520182746
210 1653.55722792512 4.75198491932071
211 1537.08375085602 4.41763684392753
212 1428.81182266584 4.10678137928561
213 1328.16428342185 3.81777219994103
214 1234.60454056219 3.54907775828653
215 1147.63372411066 3.29927336372133
216 1066.78804048096 3.06703379727562
217 991.636311130382 2.85112642704932
218 921.777683256545 2.65040479183706
219 856.83950060339 2.46380262224937
220 796.475323258076 2.29032827048958
221 740.363086081441 2.12905952170858
222 688.203386125443 1.97913876153386
223 639.717890054123 1.83976847595768
224 594.647853203324 1.71020706127342
225 552.752742491416 1.58976492317014
226 513.808955931377 1.47780084543764
227 477.608631996122 1.37371860999933
228 443.958542556529 1.27696385118096
229 412.679063547229 1.18702112824401
230 383.603217921143 1.10341120126528
231 356.575785831827 1.02568849643277
232 331.45247733486 0.953438747755198
233 308.099163227452 0.886276803052112
234 286.391159950824 0.823844582905938
235 266.212564764182 0.765809182019932
236 247.455637663799 0.711861103139574
237 230.020226767033 0.661712614362543
238 213.813234110408 0.615096221286126
239 198.748119024242 0.571763246024209
240 184.744436444872 0.531482505670434
241 171.727407710278 0.494039083292744
242 159.627521556802 0.459233185019142
243 148.380163194586 0.426879077217491
244 137.925269488128 0.396804098185296
245 128.207008406759 0.368847739150886
246 119.173481038577 0.34286078974657
247 110.776444581122 0.318704543449436
248 102.971054833442 0.296250058797518
249 95.7156268178011 0.275377472479987
249 88.9714122556103 0.255975360670991
