0 1 0
1 1.47999984375001 0.0799999330357258
2 2.19039940430013 0.118399834478646
3 3.2417902872175 0.175231607778773
4 4.79784775591242 0.259342454348873
5 7.1008105125575 0.383826116308715
6 10.5091903264563 0.56806107777723
7 15.5535813035027 0.840726938123925
8 23.0192554564209 1.24426828366854
9 34.068399441344 1.84150042764528
10 50.4210146153026 2.72538417456889
11 74.622626530495 4.0334886804597
12 110.440445501222 5.96938818256168
13 163.44957585359 8.83431097343771
14 241.90036821492 13.0739400550296
15 358.001580967815 19.3475908910626
16 529.818320578487 28.6304035185968
17 784.078500054059 42.3641688350062
18 1160.32093897556 62.6796366288049
19 1717.02260405521 92.7235301106652
20 2540.64078389939 137.138152029819
21 3758.93834036385 202.761644997209
22 5560.58016100501 299.643531440124
23 8223.86325437046 442.50233658371
24 12158.6432006649 652.784392683256
25 17967.0941008484 961.498104351969
26 26530.8375327944 1412.95204640849
27 39133.873566612 2069.31722322679
28 57631.6640611231 3015.34923458568
29 84674.2652020824 4361.22728627667
30 123980.441755923 6238.57612091395
31 180630.407756255 8779.37701228108
32 261281.389718455 12059.2346430676
33 374094.686218292 15978.3991885021
34 527997.059228187 20059.6815336841
35 730763.993831694 23195.8457503444
36 985560.179174671 23525.058575273
37 1286417.90276923 18818.2439500806
38 1614785.24140619 7726.77280386657
39 1940533.40218438 -8536.41992075951
40 2229223.96549169 -25714.9696263958
41 2452656.04336782 -38533.9056601354
42 2596417.13970145 -43847.1285188815
43 2660689.88027499 -41972.1225282372
44 2655877.55113104 -35475.5998625692
45 2596959.67673982 -27209.8288983225
46 2499224.88788662 -19176.9282138728
47 2375991.48073104 -12367.6674114271
48 2237835.81276223 -7056.44540883767
49 2092658.82548603 -3140.97518468913
50 1946100.92620377 -376.027663434812
51 1802033.26796906 1502.52439912876
52 1663004.19015708 2725.69331930282
53 1530601.93542527 3477.21272965969
54 1405732.5221395 3895.91534176517
55 1288825.55858127 4083.64283692864
56 1179983.62921101 4113.7862700791
57 1079089.36332957 4038.65356481742
58 985881.530857574 3895.25151101189
59 900008.778172272 3709.60951977917
60 821067.342625061 3499.92891813145
61 748627.33104707 3278.84424539229
62 682250.849176866 3055.0353150855
63 621504.328467223 2834.37320837722
64 565966.723546554 2620.73484582294
65 515234.774507242 2416.58284517618
66 468926.187841492 2223.37926462818
67 426681.347903671 2041.88160290415
68 388163.998406481 1872.35510095749
69 353061.210257753 1714.72532604328
70 321082.863659908 1568.68797336236
71 291960.808737509 1433.7878892363
72 265447.822934587 1309.47586203951
73 241316.45002926 1195.1492947089
74 219357.78130746 1090.18115436841
75 199380.221703304 993.940374969898
76 181208.270753069 905.806018690257
77 164681.338732066 825.176877682133
78 149652.611417918 751.477747683094
79 135987.971874169 684.163278681193
80 123564.983982566 622.720070045942
81 112271.939809956 566.667503393018
82 102006.97101129 515.557678329097
83 92677.2231474137 468.974721553342
84 84198.0908898433 426.533669568466
85 76492.5114861267 387.879072986332
86 69490.3134878857 352.683431397423
87 63127.617538717 320.645538584202
88 57346.2859354207 291.488795985806
89 52093.4176795212 264.959535918938
90 47320.8858012085 240.825383760772
91 42984.9138455296 218.873679089108
92 39045.6885465866 198.909968894831
93 35467.0058690032 180.756580863868
94 32215.9477590917 164.251280942887
95 29262.5871152175 149.246016631851
96 26579.7186535807 135.605745442832
97 24142.6135090405 123.207346542052
98 21928.7955685889 111.938612609519
99 19917.837686246 101.697318299674
100 18091.1760716186 92.3903612844385
101 16431.9412796328 83.9329716438434
102 14924.8043558264 76.2479852904111
103 13555.8368100583 69.2651771347142
104 12312.3832017189 62.9206497925821
105 11182.9452217677 57.1562737777039
106 10157.0762515176 51.9191753003818
107 9225.28546539704 47.1612679914666
108 8378.95062537705 42.8388250806768
109 7610.23878874772 38.912088773579
110 6912.0342189029 35.3449137863112
111 6277.87285114951 32.1044422079531
112 5701.88272270173 29.1608070646194
113 5178.72982833677 26.4868621550845
114 4703.56891104554 24.0579359138505
115 4271.99874075548 21.8516072333833
116 3880.02147416148 19.8475013424151
117 3524.00572518038 18.0271039917285
118 3200.65300883073 16.3735923428159
119 2906.96725169713 14.8716810885687
120 2640.22708981486 13.507482459062
121 2397.96070003173 12.2683788800402
122 2177.92293388188 11.1429071573601
123 1978.07454393206 10.1206531579411
124 1796.5633116151 9.19215604722437
125 1631.7069029089 8.34882122528781
126 1481.97729400397 7.58284117909719
127 1345.98662346527 6.88712353740279
128 1222.47434046014 6.25522567797599
129 1110.29553050938 5.68129529467384
130 1008.4103110277 5.16001638464498
131 915.874198749449 4.68656016423995
132 831.8293600727 4.25654046623776
133 755.496663480467 3.8659732111923
134 686.168460584561 3.5112395823577
135 623.202029051901 3.18905256706982
136 566.01361677605 2.8964265579148
137 514.073032203391 2.63064973476051
138 466.898730764103 2.38925897399515
139 424.053351938911 2.17001705432463
140 385.139665655127 1.97089194942401
141 349.796890487814 1.79003801679871
142 317.697349578604 1.62577890955537
143 288.543433307164 1.47659205356072
144 262.064840587283 1.34109454681953
145 238.01607323694 1.21803035095646
146 216.174160213274 1.1062586565568
147 196.336590630633 1.00474331491504
148 178.319436412333 0.91254323855296
149 161.955647182286 0.82880368178976
150 147.093501597392 0.752748320756247
151 133.595200770207 0.683672059615207
152 121.335590747332 0.620934496449309
153 110.201002204288 0.563953988365782
154 100.088196603414 0.512202260899541
155 90.9034090475975 0.465199511823931
156 82.5614789584887 0.422509964046383
157 74.9850605215677 0.383737826417107
158 68.1039055795558 0.348523625050233
159 61.8542123269984 0.316540871183293
160 56.1780337686283 0.287493034713961
161 51.0227404579783 0.261110795381097
162 46.340532535776 0.237149546126506
163 42.0879965445774 0.21538712550786
164 38.2257029111117 0.195621758153645
165 34.7178403647556 0.177670184177104
166 31.5318839029259 0.161365960215918
167 28.6382932251436 0.146557916353715
168 26.0102388399569 0.133108754623331
169 23.62335330544 0.120893776103136
170 21.4555052969737 0.109799724809034
171 19.4865944076329 0.0997237376667722
172 17.6983647787049 0.0905723908320559
173 16.0742358324339 0.0822608335187043
174 14.5991485376322 0.0747120013059741
175 13.259425782809 0.0678559016326911
176 12.0426455622525 0.0616289648548263
177 10.9375257992951 0.0559734548507742
178 9.93381973888083 0.0508369337105001
179 9.02222093954542 0.0461717755459952
180 8.19427698391831 0.0419347249157861
181 7.44231110768999 0.038086495769777
182 6.75935102040345 0.0345914071963056
183 6.13906425810783 0.0314170525944392
184 5.5756994684734 0.0285339992043869
185 5.06403308397033 0.0259155152103287
186 4.59932088867041 0.023537321885562
187 4.17725402960292 0.021377368482027
188 3.79391906480489 0.0194156277771211
189 3.44576167763328 0.0176339103822235
190 3.12955372089943 0.0160156960912896
191 2.84236328525978 0.0145459807058493
192 2.58152751433744 0.0132111369162325
193 2.3446279145165 0.0119987879491561
194 2.12946793048108 0.0108976928101727
195 1.93405257857958 0.00989764205697827
196 1.75656994917386 0.00898936313721196
197 1.59537440646275 0.00816443441306043
198 1.44897133000806 0.00741520707551575
199 1.3160032564858 0.00673473422428875
200 1.19523729316832 0.00611670645581468
201 1.08555368643451 0.00555539336213007
202 0.985935439314722 0.00504559039820351
203 0.895458881803491 0.00458257062507743
204 0.813285106507608 0.00416204088138634
205 0.738652190220147 0.00378010197687515
206 0.670868129298406 0.00343321253883314
207 0.609304423342068 0.003118156176228
208 0.553390247678955 0.00283201165708636
209 0.502607160625227 0.00257212582260487
210 0.456484296445313 0.00233608898685135
211 0.414593999440328 0.00212171259396151
212 0.376547858683861 0.001927008925668
213 0.341993106638898 0.00175017267100947
214 0.310609348263525 0.00158956418733299
215 0.282105590277416 0.00144369429738538
216 0.256217543044193 0.00131121048153099
217 0.232705170052477 0.00119088433706969
218 0.211350462274199 0.00108160018837689
219 0.191955416763821 0.000982344742258237
220 0.174340200755851 0.00089219769260275
221 0.158341484238 0.000810323187219993
222 0.143810925539447 0.000735962077741271
223 0.130613795892437 0.000668424880725348
224 0.118627730214029 0.000607085384703471
225 0.107741592525121 0.00055137484388778
226 0.0978544454868044 0.000500776704706676
227 0.0888746144994997 0.000454821816271127
228 0.0807188376871121 0.000413084080363004
229 0.0733114938847693 0.000375176500611733
230 0.06658390147198 0.000340747594226898
231 0.0604736815499218 0.000309478133016079
232 0.0549241795581787 0.000281078183470327
233 0.0498839399681022 0.000255284418472719
234 0.0453062291821026 0.000231857675703882
235 0.0411486022151462 0.000210580740105819
236 0.0373725091406872 0.000191256329842833
237 0.0339429376519639 0.000173705267085184
238 0.0308280884244505 0.000157764816654837
239 0.0279990802693957 0.000143287177129046
240 0.0254296823446025 0.000130138110411154
241 0.0230960709394802 0.000118195697061873
242 0.0209766085792578 0.000107349205850329
243 0.0190516434001897 9.74980670432753E-05
244 0.0173033269355421 8.85509399126836E-05
245 0.0157154486228537 8.04248658155793E-05
246 0.0142732854980055 7.30444989933773E-05
247 0.0129634656824488 6.63414079586264E-05
248 0.0117738443978311 6.02534409915491E-05
249 0.0106933913584159 5.47241498631994E-05
249 0.009712088497188 4.97022664419453E-05
