0 1 0
1 1.26055546990741 0.0272221960978881
2 1.58900005424911 0.034315077658663
3 2.00302260046048 0.0432560410550581
4 2.52492086007417 0.0545266095736732
5 3.18280235033786 0.0687337672795278
6 4.01209809873417 0.0866426468711723
7 5.05747078890094 0.109217733566266
8 6.37522006367079 0.137674803343948
9 8.03631450994887 0.173546391530198
10 10.1302135912655 0.218764315685946
11 12.7696853221116 0.275763694093046
12 16.0968790806096 0.34761405698361
13 20.2909805141202 0.438184603874469
14 25.5778606358794 0.552352494743216
15 32.242238511562 0.69626537310051
16 40.6430121499217 0.877672228099724
17 51.2325825890706 1.10634036480854
18 64.5812108306513 1.39458085982807
19 81.4077176918987 1.75791067533666
20 102.618177245736 2.21588689030461
21 129.354683425296 2.79315765925328
22 163.056809331684 3.52078599366163
23 205.539058328128 4.4379168566227
24 259.08846084638 5.59387607804007
25 326.587545611748 7.05081210286106
26 411.669264372569 8.88701962718957
27 518.912144396486 11.2011190075862
28 654.08606866432 14.1173084121215
29 824.461745445021 17.7919586864172
30 1039.20025602393 22.4218856564011
31 1309.84321860756 28.254712935357
32 1650.92926587092 35.6018318829726
33 2080.76892499996 44.8545751412361
34 2622.41786783641 56.504345632683
35 3304.89814883484 71.1675807025381
36 4164.72876821384 89.6165727923392
37 5247.84096913529 112.817296518633
38 6611.97031027848 141.975475700988
39 8329.63678480522 178.592107693139
40 10491.8457765327 224.529454079491
41 13212.6655265824 282.08795642938
42 16634.8590381453 354.093405829726
43 20936.7662324204 443.991618758785
44 26340.6391566687 555.944299556928
45 33122.6183033301 694.913904161225
46 41624.4843692237 866.716057567272
47 52267.200592259 1078.00399256148
48 65566.037151362 1336.12892999139
49 82146.6863064723 1648.79185745801
50 102761.163250049 2023.36549801872
51 128301.35834276 2465.72330032383
52 159806.780052803 2978.37478943155
53 198461.265420552 3557.69597716219
54 245571.316189624 4190.10213237579
55 302516.570435968 4847.20621682959
56 370661.48976425 5480.42876062491
57 451217.970967405 6016.2505639377
58 545053.226971824 6354.30690277885
59 652448.066722321 6371.54218464955
60 772828.788325043 5936.00143928956
61 904519.405067675 4932.45977722944
62 1044582.80051168 3298.01242684605
63 1188827.25503889 1059.23393000514
64 1332035.25809163 -1643.69539116106
65 1468419.72498629 -4561.4458364029
66 1592241.42822044 -7375.81762512114
67 1698460.47721939 -9767.23780930578
68 1783275.65215957 -11486.3002967036
69 1844440.31506299 -12403.0472276105
70 1881315.40332769 -12518.6814748174
71 1894694.14722587 -11941.9783894046
72 1886480.19054733 -10845.7496937396
73 1859311.04516806 -9421.48891845763
74 1816201.03004782 -7844.77448001246
75 1760248.21714276 -6255.86534605806
76 1694421.91800541 -4753.748421523
77 1621427.61720162 -3399.15339410429
78 1543635.8988186 -2221.98812239413
79 1463058.67779841 -1229.86691326535
80 1381357.081033 -415.829884895735
81 1299868.27479247 235.536432718611
82 1219641.90175339 743.683400781345
83 1141479.80169833 1129.16176758522
84 1065975.06145459 1411.82316703868
85 993548.155546312 1609.83335372192
86 924479.099936811 1739.22654610698
87 858935.279102243 1813.79819682012
88 796995.044107792 1845.19422912788
89 738667.41489746 1843.1025331169
90 683908.326469463 1815.4872736572
91 632633.886763816 1768.83051099849
92 584731.097772116 1708.36142287263
93 540066.452250493 1638.26341255862
94 498492.769781398 1561.85545094552
95 459854.585574306 1481.74748980901
96 423992.357574712 1399.97164164701
97 390745.714234846 1318.09168068188
98 359955.927455861 1237.2936913242
99 331467.762768127 1158.46063498429
100 305130.83141389 1082.23338410821
101 280800.546097814 1009.06047950721
102 258338.763184939 939.238558312985
103 237614.178474828 872.945104760583
104 218502.530835495 810.264908739195
105 200886.657473069 751.211382995334
106 184656.436039877 695.743689385233
107 169708.641802942 643.780455435521
108 155946.742420723 595.210721304601
109 143280.648270711 549.902640316865
110 131626.432538106 507.710359934211
111 120906.032255203 468.47943101197
112 111046.93904029 432.051028534742
113 101981.886315971 398.265214231613
114 93648.5382017954 366.963428410626
115 85989.1840031367 337.990363262319
116 78950.4411989585 311.195341299541
117 72482.9690176519 286.433299324151
118 66541.1940438624 263.565459356406
119 61083.0487884038 242.459752527071
120 56069.7237522787 222.991049360955
121 51465.4332034921 205.041239641545
122 47237.1946446619 188.499196706678
123 43354.6217664706 173.260654232897
124 39789.7305454269 159.228018035107
125 36516.7580449793 146.310130905791
126 33511.993409225 134.422004854867
127 30753.6204921839 123.484532133192
128 28221.5715378851 113.424184004033
129 25897.3913133181 104.172704265112
130 23764.1110943657 95.6668029353966
131 21806.1319115229 87.8478542374129
132 20009.1164753879 80.6616019716471
133 18359.8892198748 74.0578745488249
134 16846.343922475 67.9903112812754
135 15457.3583845898 62.4161010054252
136 14182.7156801095 57.2957336887707
137 13013.0315063369 52.5927653458025
138 11939.6871975194 48.2735963314964
139 10954.7679872499 44.3072628843187
140 10051.0061315164 40.6652416418892
141 9221.72852898268 37.3212667422432
142 8460.80849901107 34.2511590444247
143 7762.62140086723 31.432666947723
144 7122.00379940183 28.8453182541451
145 6534.21590324533 26.4702824995516
146 5994.90702115491 24.2902431719001
147 5500.0838006213 22.2892792374705
148 5046.08103019356 20.4527554055875
149 4629.53480323697 18.7672205773674
150 4247.35785604089 17.220313942976
151 3896.71690737928 15.8006782136021
152 3575.01183984297 14.4978794979053
153 3279.85657555717 13.3023333573404
154 3009.06151031871 12.2052365999193
155 2760.61738078566 11.198504397184
156 2532.68044917465 10.2747123340846
157 2323.55889901757 9.42704302582048
158 2131.70034394532 8.64923695931462
159 1955.68035924706 7.93554723970959
160 1794.19195314141 7.28069794400334
161 1646.03590133314 6.6798458046234
162 1510.11187455279 6.12854496533635
163 1385.41029442501 5.62271457039414
164 1271.00485821817 5.15860896523743
165 1166.04567782579 4.73279030342629
166 1069.75298274944 4.34210336978134
167 981.411340922566 3.98365244402694
168 900.364354960065 3.65478004257623
169 826.009794865646 3.35304738852842
170 757.795131400267 3.0762164715074
171 695.213437231581 2.82223356970749
172 637.799625666609 2.58921411646978
173 585.126999235736 2.37542880294252
174 536.804082662925 2.1792908169229
175 492.47171684026 1.99934412588209
176 451.800392339351 1.83425271948164
177 414.487802751018 1.68279073363902
178 380.256599760569 1.54383338443047
179 348.852333350281 1.41634864586867
180 320.041561883986 1.29938961089413
181 293.610118080708 1.19208747980665
182 269.361518034023 1.09364512486546
183 247.115501489551 1.00333118393487
184 226.706692562331 0.92047463987014
185 207.983370965733 0.844459845853837
186 190.806344640606 0.774721960126953
187 175.047915423319 0.710742756534637
188 160.590930079825 0.652046780043139
189 147.3279096648 0.598197818900845
190 135.16025074492 0.54879566742999
191 123.997492557694 0.503473155562048
192 113.756644665863 0.461893423184291
193 104.36157011575 0.423747419160885
194 95.7424195194825 0.388751606541936
195 87.8351118586232 0.356645856989716
196 80.5808581533076 0.327191518843714
197 73.9257244589966 0.300169644524943
198 67.8202309447697 0.27537936415444
199 62.218984074863 0.252636393339379
200 57.080339160865 0.231771664070475
201 52.3660907774473 0.212630068583659
202 48.041188741378 0.195069306873712
203 44.0734775433883 0.178958829313919
204 40.433457296627 0.164178866539272
205 37.0940644252432 0.150619539396513
206 34.0304704632611 0.138180042357044
207 31.2198974684364 0.126767894332753
208 28.64144867922 0.116298251334133
209 26.2759531561953 0.106693275868365
210 24.1058232532646 0.097881558395571
211 22.1149238591829 0.0897975865474601
212 20.2884524375072 0.0823812581667592
213 18.6128289732641 0.0755774345508911
214 17.0755950082696 0.0693355305816223
215 15.6653210145711 0.0636091386961185
216 14.3715214174557 0.0583556839059993
217 13.1845766363223 0.0535361073014493
218 12.0956615638723 0.0491145756889017
219 11.0966799519326 0.0450582152048531
220 10.1802042161257 0.0413368669263951
221 9.33942021188049 0.037922862662413
222 8.56807657123231 0.03479081925928
223 7.86043822376344 0.0319174498923983
224 7.21124375613642 0.029281390941116
225 6.61566629321015 0.026863043160318
226 6.0692776099063 0.024644425968203
227 5.56801520701128 0.0226090437672135
228 5.1081521061333 0.0207417633044958
229 4.68626913924836 0.0190287011602992
230 4.29922952681488 0.0174571205279849
231 3.94415555545031 0.0160153365183689
232 3.61840718177231 0.0146926292844684
233 3.31956240332693 0.0134791643208487
234 3.04539925066388 0.0123659193450894
235 2.79387926667145 0.011344617217808
236 2.56313235034084 0.010407664402568
237 2.35144285227391 0.00954809450817182
238 2.15723681855461 0.00875951649361761
239 1.9790702881423 0.00803606715066228
240 1.81561855677778 0.00737236751072411
241 1.66566632757875 0.00676348285203625
242 1.52809867509401 0.00620488600972252
243 1.40189275563344 0.00569242371602159
244 1.2861102022394 0.00522228572041138
245 1.17989014775569 0.00479097646005214
246 1.08244282411965 0.00439528906992546
247 0.993043690287611 0.00403228153944077
248 0.911028045134145 0.00369925483823877
249 0.835786085271227 0.00339373284856039
249 0.766758371041665 0.00311344395498139
