0 1 0
1 2.30499949107149 0.40499966964292
2 5.31302100957384 0.933522984975076
3 12.2464981970784 2.15176377430312
4 28.2280968247402 4.95977976459422
5 65.0653286803897 11.4321022536367
6 149.9732709359 26.3499851323211
7 345.676100662742 60.7313456107994
8 796.71811029471 139.957220987228
9 1836.08833136593 322.449851456243
10 4230.34128803176 742.4423279603
11 9741.1595837876 1707.06196344498
12 22401.5656269423 3912.1915909881
13 51362.048787834 8898.66686529415
14 116956.553650864 19892.3720903763
15 262214.322703044 42714.3562689128
16 568013.70669185 83488.302841436
17 1144860.06222905 130076.489524967
18 2017431.06932751 106193.337016768
19 2920397.44450815 -78119.3311592541
20 3482879.04967225 -256033.389309148
21 3659947.49665182 -242179.419656882
22 3594168.39965362 -149288.189143269
23 3406128.25073312 -74685.3404884005
24 3166474.23928146 -31439.3678794608
25 2912417.9175721 -9291.91606555271
26 2662460.51800328 1356.03394503458
27 2425252.7771951 6190.8028158587
28 2204398.75247808 8164.68175610043
29 2000956.33643251 8744.00762273069
30 1814720.51250526 8650.63219288879
31 1644881.37476068 8242.22518988459
32 1490363.10127538 7698.04967611319
33 1349999.22307275 7108.78929885232
34 1222622.9002952 6520.32536200342
35 1107112.44683063 5955.43306207759
36 1002412.97877153 5424.76228250007
37 907545.205004453 4932.52095800093
38 821607.281222512 4479.48200445109
39 743772.96447889 4064.60665006088
40 673287.864387671 3685.93591450035
41 609464.798463795 3341.0863276173
42 551678.819521651 3027.52717899187
43 499362.233890242 2742.73491429916
44 451999.785914297 2484.27735055614
45 409124.100874482 2249.85731058229
46 370311.42965781 2037.33262062288
47 335177.709911471 1844.72233250946
48 303374.941798083 1670.20499280018
49 274587.867041309 1512.11243700277
50 248530.934866303 1368.92120380147
51 224945.535991626 1239.24283589624
52 203597.484978678 1121.81383145767
53 184274.73135189 1015.48570180656
54 166785.280570863 919.215400034343
55 150955.306916815 832.056266438424
56 136627.441494985 753.149562521754
57 123659.219755446 681.716619230478
58 111921.674137445 617.051596779876
59 101298.058610725 558.514836406101
60 91682.6930004152 505.526774607042
61 82979.9160286115 457.562385298633
62 75103.1369808111 414.14611313639
63 67973.9768076841 374.847260948181
64 61521.4903036966 339.275795082407
65 55681.4617666906 307.078534031032
66 50395.7672403668 277.935687633748
67 45611.7970788739 251.55771630872
68 41281.9331536567 227.682481957218
69 37363.0755516679 206.072664371082
70 33816.2140951426 186.513419081711
71 30606.0404503532 168.810254596244
72 27700.5969898353 152.787108853867
73 25070.9589329972 138.284606495108
74 22690.9466170322 125.15848016789
75 20536.8650466402 113.278140598531
76 18587.2681399698 102.525381538416
77 16822.7453319514 92.7932069642031
78 15225.7284170988 83.9847690680983
79 13780.3167140238 76.0124066324386
80 12472.1188152534 68.7967743469553
81 11288.109350214 62.2660545049486
82 10216.4993380367 56.3552433131368
83 9246.61884159721 51.0055047757996
84 8368.81075623509 46.1635857731779
85 7574.33467711021 41.7812865527272
86 6855.27988921241 37.8149813950866
87 6204.48661464326 34.2251847094682
88 5615.47473381684 30.976158260127
89 5082.3792714918 28.0355556308153
90 4599.89200578147 25.3741004014524
91 4163.2086191556 22.9652948441518
92 3767.98086554862 20.7851562474067
93 3410.27327756945 18.8119782505399
94 3086.52398296136 17.02611481811
95 2793.50924033354 15.4097847082331
96 2528.31134118447 13.9468944918923
97 2288.28955872779 12.6228783642685
98 2071.05385434574 11.4245531557038
99 1874.44107993526 10.3399871007585
100 1696.49343924842 9.35838106040862
101 1535.43899381049 8.46996101610135
102 1389.674019347 7.66588076635337
103 1257.74703706926 6.938133857952
104 1138.34436083848 6.27947387559253
105 1030.27701631721 5.68334229686942
106 932.468901873972 5.14380319475298
107 843.946073367967 4.65548413777097
108 763.827046129015 4.21352269974934
109 691.314017573918 3.8135180467605
110 625.684923065966 3.45148711943132
111 566.28624591966 3.12382497447911
112 512.526509960889 2.82726889072535
113 463.870389848341 2.55886588229322
114 419.833380512453 2.31594329559934
115 379.976972635012 2.09608219743851
116 343.904286130835 1.89709328923754
117 311.25611815317 1.71699510769578
118 281.707366271713 1.55399429478752
119 254.963791207655 1.40646774069799
120 230.759086891152 1.27294642190877
121 208.852228666571 1.15210077352184
122 189.025073240431 1.04272745018467
123 171.080186473586 0.943737343802187
124 154.838877387875 0.85414473873302
125 140.139418810817 0.773057496491639
126 126.835436940312 0.699668172227553
127 114.794453793331 0.633245974529242
128 103.896568024889 0.573129488496859
129 94.0332609813948 0.518720089626948
130 85.1063160995247 0.469475982930452
131 77.0268408903613 0.424906807930399
132 69.714381770062 0.384568755819946
133 63.0961229228344 0.348060150160915
134 57.1061612187532 0.315017447118309
135 51.6848499662775 0.285111615403668
136 46.7782049647553 0.258044859880819
137 42.3373669425627 0.233547656209497
138 38.3181150279899 0.211376066999332
139 34.6804264081564 0.191309312749807
140 31.3880777911599 0.173147573388696
141 28.4082847029262 0.156709998517693
142 25.7113750269755 0.141832906552085
143 23.270493536298 0.128368154822222
144 21.0613344751454 0.116181664406871
145 19.061899527853 0.105152085009312
146 17.25227876461 0.0951695865814468
147 15.6144523828873 0.0861347656633669
148 14.1321112703145 0.0779576555480308
149 12.7904946022142 0.0705568304146174
150 11.5762428566288 0.0638585945097753
151 10.4772647831991 0.0577962483028858
152 9.48261700120183 0.0523094243079264
153 8.58239502781171 0.0473434859582428
154 7.76763465147352 0.0428489835483885
155 7.03022266828263 0.0387811618254524
156 6.36281609250781 0.035099514326603
157 5.75876903677316 0.0317673800250567
158 5.21206653378899 0.0287515782679795
159 4.7172646406434 0.0260220783711251
160 4.26943622922686 0.023551700580117
161 3.86412192298306 0.0213158454206232
162 3.49728569142535 0.0192922487423566
163 3.165274660239 0.0174607600176922
164 2.86478273676733 0.0158031416872506
165 2.59281768867247 0.01430288755438
166 2.34667134794739 0.0129450584201517
167 2.12389264357754 0.0117161333221626
168 1.9222631943173 0.0106038748958136
169 1.73977521853951 0.00959720751736456
170 1.57461154118946 0.00868610701534274
171 1.4251274987568 0.007861500852075
172 1.28983456207934 0.00711517778137599
173 1.16738551389808 0.00643970608278318
174 1.056561033565 0.00582835955813479
175 0.956257555316953 0.00527505055358062
176 0.865476279211208 0.00477426934007467
177 0.783313225295851 0.00432102924871405
178 0.708950231976725 0.00391081701459421
179 0.641646808944644 0.0035395478347158
180 0.580732763536109 0.00320352469242006
181 0.525601527102482 0.0028994015433143
182 0.475704114933058 0.00262414999610136
183 0.430543659586287 0.00237502915652825
184 0.389670463193283 0.0021495583341665
185 0.352677519465518 0.00194549234024462
186 0.31919646081588 0.00176079913055396
187 0.288893890235389 0.00159363957080091
188 0.261468061399231 0.00144234912291342
189 0.236645873943321 0.0013054212699381
190 0.214180153991039 0.0011814925144766
191 0.19384719285021 0.00106932880127931
192 0.175444519371221 0.000967813228795219
193 0.158788883783906 0.000875934927312519
194 0.1437144329367 0.000792778992940881
195 0.130071058767477 0.00071751737720014
196 0.117722903560533 0.000649400641496051
197 0.10654700710537 0.000587750494375911
198 0.0964320822859992 0.000531953037251747
199 0.0872774069083481 0.000481452651333441
200 0.0789918207308345 0.000435746464899237
201 0.0714928177107547 0.000394379345809931
202 0.0647057244272795 0.000356939369403282
203 0.0585629564999743 0.000323053716638982
204 0.0530033455984206 0.000292384961648774
205 0.0479715303414526 0.000264627711723977
206 0.0434174050207132 0.000239505566282169
207 0.0392956206590451 0.000216768364531054
208 0.0355651334353611 0.000196189694422407
209 0.0321887959793123 0.000177564638090749
210 0.0291329874659541 0.000160707731326385
211 0.0263672788269743 0.000145451116763641
212 0.0238641297447316 0.000131642872394189
213 0.0215986144118369 0.000119145498761145
214 0.0195481733254515 0.000107834549769755
215 0.0176923886447259 9.75973934805934E-05
216 0.0160127808744363 8.83320905455098E-05
217 0.01449262485024 7.99463791180509E-05
218 0.0131167831931721 7.23567561303099E-05
219 0.0118715555749588 6.5487645787765E-05
220 0.010744542293165 5.9270647002159E-05
221 0.009724520797688 5.36438522685259E-05
222 0.00880133393907448 4.85512312038879E-05
223 0.007965788825863 4.39420726090408E-05
224 0.00720956528379491 3.97704794975976E-05
225 0.00652513300535113 3.59949120639058E-05
226 0.005905676564608 3.25777740388094E-05
227 0.00534502755072664 2.94850383142793E-05
228 0.00483760314427602 2.66859081089637E-05
229 0.00437835052474636 2.41525103006219E-05
230 0.0039626965556751 2.18596178717096E-05
231 0.00358650224636096 1.97843987042935E-05
232 0.00324602153670589 1.79061882228484E-05
233 0.00293786399477346 1.62062836209641E-05
234 0.00265896105561421 1.46677576229178E-05
235 0.00240653546517152 1.32752899255895E-05
236 0.00217807362499723 1.2015014642257E-05
237 0.00197130056239181 1.08743822291491E-05
238 0.00178415727672709 9.84203451985207E-06
239 0.00161478023637141 8.90769162318925E-06
240 0.00146148282205197 8.06204955832866E-06
241 0.00132273853187145 7.29668760779024E-06
242 0.00119716578073826 6.60398446579547E-06
243 0.00108351414284642 5.97704234698254E-06
244 0.000980651900210696 5.40961829977854E-06
245 0.000887554773268102 4.89606204046235E-06
246 0.00080329572132755 4.43125968888351E-06
247 0.000727035711302769 4.01058284556965E-06
248 0.00065801536280558 3.62984250314375E-06
249 0.0005955473864032 3.285247333111E-06
249 0.000539009739741401 2.97336593264447E-06
