0 1 0
1 1.10499995678572 0.00499999250000147
2 1.22102489492437 0.00552499021186905
3 1.34923243386087 0.0061051123290153
4 1.49090174223649 0.00674614683325547
5 1.64744630036245 0.0074544894263989
6 1.82042800271005 0.00823720733682223
7 2.01157274110985 0.00910210982484019
8 2.22278762412237 0.0100578260900501
9 2.45618000436422 0.0111138913576161
10 2.7140785036075 0.0122808420019868
11 2.99905624539736 0.0135703206566178
12 3.31395652695107 0.0149951923577894
13 3.66192118643144 0.016569672880563
14 4.04642194857008 0.0183094705463974
15 4.47129506131977 0.0202319429161455
16 4.94077956903615 0.0223562699304237
17 5.4595596039536 0.0247036452231329
18 6.03281111778988 0.0272974875148549
19 6.66625351958753 0.0301636741927357
20 7.3662067348181 0.0333307994042602
21 8.13965425482471 0.0368304592362307
22 8.99431280539621 0.0406975668196535
23 9.93870932924736 0.0449707004988013
24 10.9822660500787 0.0496924885313642
25 12.1353944664326 0.0549100341495562
26 13.4095992125463 0.0606753852128831
27 14.8175928217161 0.0670460531259038
28 16.3734225362992 0.0740855861830874
29 18.0926104284724 0.0818642030424966
30 19.9923082284279 0.0904594926258417
31 22.0914684031287 0.0999571874001276
32 24.4110331905151 0.110452017722126
33 26.9741434727579 0.122048655728138
34 29.8063695695467 0.134862758135762
35 32.9359662504405 0.149022118300009
36 36.394154506136 0.164667938942476
37 40.2154328844966 0.181956238159555
38 44.4379214909533 0.201059402624928
39 49.1037420773067 0.22216790334536
40 54.2594380012199 0.245492190920048
41 59.9564382342859 0.271264789007674
42 66.2515700333441 0.29974260663742
43 73.2076253719577 0.33120949212825
44 80.8939867613272 0.365979053723731
45 89.3873186775556 0.404397774628093
46 98.7723314607638 0.446848452965782
47 109.142625267316 0.493754000305464
48 120.601622446195 0.54558163581669
49 133.263597581909 0.602847516891352
50 147.254815407431 0.666121851192956
51 162.71478785069 0.736034539626695
52 179.797662646921 0.813281404687165
53 198.67375723763 0.898631064073852
54 219.531253096925 0.992932515405798
55 242.578067190531 1.09712350435592
56 268.043918996029 1.21223975560177
57 296.182613410266 1.33942515369604
58 327.274561958236 1.47994296933681
59 361.62956701519 1.63518823560459
60 399.589896280168 1.80670138856865
61 441.533677515709 1.99618329728204
62 487.878646618314 2.20551181961059
63 539.086285431829 2.43676003259323
64 595.666389387701 2.69221629911657
65 658.182109080087 2.97440634659257
66 727.255514289689 3.28611754802021
67 803.573733789205 3.6304256112305
68 887.895729527947 4.01072389815073
69 981.059769537016 4.43075561243714
70 1083.99167015382 4.89464911059493
71 1197.71388496991 5.40695660845073
72 1323.3555252929 5.97269657116794
73 1462.16340491375 6.59740009040577
74 1615.51421061439 7.28716156604756
75 1784.92790916193 8.04869402132834
76 1972.0825115334 8.88938938810543
77 2178.83032580805 9.8173841020792
78 2407.21584154878 10.8416303443085
79 2659.49540055239 11.9719732532562
80 2938.15882153582 13.2192344082508
81 3245.95315957707 14.5953018474385
82 3585.90879483706 16.1132268271
83 3961.36805910581 17.7873274497923
84 4376.01662283639 19.6332991803294
85 4833.91787927845 21.6683321240483
86 5339.55057573793 23.9112347526168
87 5897.84995440322 26.382563518646
88 6514.25267599239 29.1047574893937
89 7194.74580793422 32.1022767375233
90 7945.92016395129 35.4017427362285
91 8775.02828258657 39.0320783972627
92 9690.04732695276 43.0246446405138
93 10699.7471750055 47.4133694663602
94 11813.763946778 52.2348643871671
95 13042.6791796444 57.5285217283617
96 14398.1048116581 63.3365846956126
97 15892.7740625763 69.7041801829905
98 17540.6382079 76.6793020260203
99 19356.9691179012 84.3127297417142
100 21358.4672751087 92.6578647060181
101 23563.3747830784 101.770462165343
102 25991.5926285167 111.708233442773
103 28664.8011490059 122.530288181064
104 31606.5822798084 134.296381493848
105 34842.5416948173 147.065925547797
106 38400.4284074146 160.896719508179
107 42310.2487453983 175.843346168246
108 46604.3708492998 191.955178280739
109 51317.6149557606 209.273933092347
110 56487.3237101917 227.830710504896
111 62153.4056030183 247.642449526532
112 68358.3433451694 268.707740370108
113 75147.1576041304 291.001937139771
114 82567.3150374866 314.471530277265
115 90668.5680288337 339.027760895741
116 99502.7120149955 364.539493173038
117 109123.24488391 390.825408655303
118 119584.91174124 417.645650183591
119 130943.117549022 444.693125451905
120 143253.189929549 471.584782450087
121 156569.475041199 497.853291408112
122 170944.251146596 522.939708381702
123 186426.447613427 546.187849272123
124 203060.16193239 566.841260718647
125 220882.974209435 584.043821690448
126 239924.067742509 596.845126613964
127 260202.175875444 604.211861292555
128 281723.389318254 605.046355131879
129 304478.874284668 598.213342422388
130 328442.569571196 582.575657374375
131 353568.949170873 557.039094405158
132 379790.954864578 520.605973162415
133 407018.218759685 472.436066363964
134 435135.706926394 411.912519085683
135 464002.91991819 338.709290435072
136 493453.78190798 252.85560248364
137 523297.335628467 154.792040845528
138 553319.334170147 45.4124887629223
139 583284.782891094 -73.9138427007965
140 612941.436462905 -201.345276546443
141 642024.20008963 -334.59894431493
142 670260.324237399 -471.011861958552
143 697375.223918883 -607.630573298025
144 723098.70234511 -741.325297382849
145 747171.320081054 -868.921839286792
146 769350.629283792 -987.342381005525
147 789416.991098219 -1093.74499297614
148 807178.713651194 -1185.65151632784
149 822476.286834776 -1261.05441969387
150 835185.544586603 -1318.49521445644
151 845219.65041096 -1357.10974503061
152 852529.871284168 -1376.63877843527
153 857105.172620108 -1377.40538826869
154 858970.727098315 -1360.2632888572
155 858185.478633662 -1326.52224860221
156 854838.936989242 -1277.85784966176
157 849047.397613614 -1216.21315055906
158 840949.785881965 -1143.69934994108
159 830703.316913621 -1062.50152261838
160 818479.144190822 -974.794118665981
161 804458.145336711 -882.669396013793
162 788826.964621609 -788.08047868147
163 771774.40174194 -692.799430763036
164 753488.207348785 -598.389691614797
165 734152.319311541 -506.191462771694
166 713944.550831666 -417.318165204819
167 693034.722802909 -332.661863073434
168 671583.218357459 -252.905528624211
169 649739.927137402 -178.540148906068
170 627643.540072085 -109.884897420954
171 605421.15178944 -47.1088685612485
172 583188.126662125 9.74683536406519
173 561048.18531504 60.747591081039
174 539093.670672293 106.044983355105
175 517405.955838494 145.858220273152
176 496055.959906793 180.457493671674
177 475104.741857132 210.14939652045
178 454604.146817285 235.264397483446
179 434597.482935113 256.146292438254
180 415120.210835775 273.14349847393
181 396200.631039173 286.60202278866
182 377860.557751953 296.85992228495
183 360115.970112343 304.243065367165
184 342977.634261051 309.062011973889
185 326451.691556462 311.60983836008
186 310540.20987446 312.160747319607
187 295241.69626411 310.969320679249
188 280551.570303436 308.270287727193
189 266462.598347992 304.278699860306
190 252965.28952064 299.190417539722
191 240048.254783499 293.182830256255
192 227698.530789282 286.415743420413
193 215901.870453051 279.032377825732
194 204643.002337861 271.16043759521
195 193905.861026841 262.913211373332
196 183673.7906756 254.390679071636
197 173929.723915402 245.680602834281
198 164656.338220363 236.859586190605
199 155836.191769923 227.994089732859
200 147451.84073851 219.141395222793
201 139485.939833503 210.350512905432
202 131921.327785164 201.663029096746
203 124741.09937186 193.113892907505
204 117928.665443505 184.73214235053
205 111467.802287983 176.541571124468
206 105342.691570918 168.561338135728
207 99537.9519697938 160.806522363641
208 94038.6635197302 153.288626036922
209 88830.3855908912 146.016029309007
210 83899.1693265554 138.994399727057
211 79231.5652865898 132.227059809822
212 74814.6269632371 125.715316004176
213 70635.9107646539 119.45875219601
214 66683.4729962432 113.455490822182
215 62945.8643102412 107.702424477339
216 59412.1220398931 102.195420741412
217 56071.7607855549 96.929502777326
218 52914.76157583 91.899008069229
219 49931.5598870296 87.0977274933975
220 47113.0327684973 82.5190267398909
221 44450.4852893197 78.1559519352024
222 41935.636493336 74.0013211561179
223 39560.6050238617 70.0478033736836
224 37317.8945568615 66.2879862242462
225 35200.3791611896 62.7144338721862
226 33201.2886867001 59.3197361062386
227 31314.1942653053 56.0965496980289
228 29532.9939961984 53.0376329473671
229 27851.8988742818 50.1358742435069
230 26265.4190101647 47.3843153845811
231 24768.3501807672 44.7761703182539
232 23355.7607414328 42.3048398947792
233 22022.9789233893 39.9639231586078
234 20765.5805342813 37.7472256459337
235 19579.377074225 35.6487651026071
236 18460.4042753036 33.6627749892147
237 17404.9110685528 31.7837060973353
238 16409.3489791969 30.006226562654
239 15470.3619481125 28.3252205262939
240 14584.7765751723 26.7357856650868
241 13749.5927781808 25.2332297841502
242 12961.9748595245 23.8130666407976
243 12219.2429713663 22.4710111471476
244 11518.8649691836 21.2029740795701
245 10858.4486426467 20.0050564060585
246 10235.7343122254 18.8735433275256
247 9648.58777947481 17.8048981156705
248 9094.99361865592 16.7957558183004
249 8573.04879717922 15.8429168926023
249 8080.95661229358 14.9433408177427
