0	0.000999
0.015625	0.0153821632929638
0.03125	0.0302852395128812
0.046875	0.0447203864277012
0.0625	0.0586991609010972
0.078125	0.0722333261994429
0.09375	0.0853330795137822
0.109375	0.0980088843113099
0.125	0.110270939576731
0.140625	0.122129130697724
0.15625	0.133593044517493
0.171875	0.144672910468088
0.1875	0.155377227518106
0.203125	0.16571489233098
0.21875	0.17569457113624
0.234375	0.185324705150275
0.25	0.194614602238845
0.265625	0.203572130374443
0.28125	0.21220483952059
0.296875	0.220520945287389
0.3125	0.228528720996381
0.328125	0.236234824813998
0.34375	0.243647215057563
0.359375	0.250773250230569
0.375	0.257619250124089
0.390625	0.264193433712619
0.40625	0.270501476739375
0.421875	0.276550520069503
0.4375	0.28234712951171
0.453125	0.287897240021391
0.46875	0.293207835059883
0.484375	0.298284056789857
0.5	0.303133002749198
0.515625	0.307759478178543
0.53125	0.312169914876822
0.546875	0.316369498405601
0.5625	0.320363821967444
0.578125	0.324158375142876
0.59375	0.32775802840218
0.609375	0.331168476724584
0.625	0.334393972392299
0.640625	0.337440337105889
0.65625	0.340311481517587
0.671875	0.343012731486594
0.6875	0.345548336617005
0.703125	0.347922749561502
0.71875	0.350140719698313
0.734375	0.352205867619612
0.75	0.354123307829238
0.765625	0.355896360414119
0.78125	0.357529263543113
0.796875	0.359026196728435
0.8125	0.360390426787624
0.828125	0.361626356016179
0.84375	0.362737273940599
0.859375	0.363726483787363
0.875	0.364598281210992
0.890625	0.365355434839931
0.90625	0.366001160375797
0.921875	0.366539485160327
0.9375	0.366972992164881
0.953125	0.367304682682941
0.96875	0.367538104084334
0.984375	0.367676050037721
1	0.367721187725235
1.015625	0.367676349264977
1.03125	0.367544886767797
1.046875	0.36732902552316
1.0625	0.367031353606842
1.078125	0.366654410074422
1.09375	0.366201249611181
1.109375	0.365673993455494
1.125	0.365074963274883
1.140625	0.364406482001921
1.15625	0.363670825569879
1.171875	0.362870586267138
1.1875	0.36200780352476
1.203125	0.361084491346846
1.21875	0.360102721471115
1.234375	0.359064520780468
1.25	0.357971871611655
1.265625	0.356826712076036
1.28125	0.355631039910568
1.296875	0.354386806682638
1.3125	0.353095634588627
1.328125	0.351759275807003
1.34375	0.350379441057317
1.359375	0.348957800048661
1.375	0.347495981953112
1.390625	0.345995575906225
1.40625	0.34445813153683
1.421875	0.342885159528624
1.4375	0.341278132216251
1.453125	0.339638484218851
1.46875	0.337967613114307
1.484375	0.336266880157716
1.5	0.334537611047943
1.515625	0.33278109674643
1.53125	0.33099859435285
1.546875	0.329191328042527
1.5625	0.327360490071028
1.578125	0.325507241851716
1.59375	0.323632715112561
1.609375	0.321738013138945
1.625	0.319824212109683
1.640625	0.317892640673896
1.65625	0.315944084005507
1.671875	0.313979441026999
1.6875	0.311999668731576
1.703125	0.310005702233005
1.71875	0.307998456643694
1.734375	0.305978829098908
1.75	0.303947700936869
1.765625	0.301906519009585
1.78125	0.299855383713083
1.796875	0.297795073985971
1.8125	0.295726382282915
1.828125	0.293650094218336
1.84375	0.291567342827569
1.859375	0.289478842958399
1.875	0.287384697675941
1.890625	0.285285628805008
1.90625	0.283182363337954
1.921875	0.281076415976907
1.9375	0.27896747755315
1.953125	0.276855975675953
1.96875	0.27474260834723
1.984375	0.272628957935962
2	0.270514556674145
2.015625	0.268399707260117
2.03125	0.266285256479102
2.046875	0.2641727516733
2.0625	0.262061057706811
2.078125	0.259950874431668
2.09375	0.257843980977144
2.109375	0.25573958533968
2.125	0.253637841697955
2.140625	0.251540449549399
2.15625	0.249447037109495
2.171875	0.247357334004646
2.1875	0.245273175752979
2.203125	0.243194021139338
2.21875	0.241119586685007
2.234375	0.239052042507212
2.25	0.236990070231047
2.265625	0.234933824060948
2.28125	0.232885874359341
2.296875	0.230843731134688
2.3125	0.22880918559275
2.328125	0.226782542717921
2.34375	0.224762678488249
2.359375	0.222752234812225
2.375	0.220749097290788
2.390625	0.218754690497083
2.40625	0.216769378860619
2.421875	0.214791912163796
2.4375	0.212825191634961
2.453125	0.210866460192867
2.46875	0.208918102793643
2.484375	0.206978950969165
2.5	0.205049574745995
2.515625	0.203130746222101
2.53125	0.201220962573291
2.546875	0.19932310551118
2.5625	0.197434230997051
2.578125	0.195557185467544
2.59375	0.193689805766252
2.609375	0.191834040032998
2.625	0.189988644230897
2.640625	0.188154621680596
2.65625	0.186331630503256
2.671875	0.184519783570815
2.6875	0.182719556200566
2.703125	0.180930282562421
2.71875	0.179153123374747
2.734375	0.177386782960623
2.75	0.17563294796437
2.765625	0.173889902875267
2.78125	0.172159563632265
2.796875	0.170440173517722
2.8125	0.168733425850445
2.828125	0.167037881925256
2.84375	0.165354916102728
2.859375	0.163683373507279
2.875	0.162024346093346
2.890625	0.160376926887908
2.90625	0.158741961873451
2.921875	0.157118757586246
2.9375	0.155507947823414
2.953125	0.153909021624762
2.96875	0.15232243045317
2.984375	0.150747819033361
3	0.149185482003185
3.015625	0.147635197227254
3.03125	0.146097123843537
3.046875	0.144571154245131
3.0625	0.143057329678166
3.078125	0.141555641840593
3.09375	0.140066028566292
3.109375	0.138588568424646
3.125	0.137123107774703
3.140625	0.135669801860512
3.15625	0.134228415474315
3.171875	0.132799172114593
3.1875	0.131381763293121
3.203125	0.129976473768982
3.21875	0.128582928735984
3.234375	0.127201468401984
3.25	0.125831657480342
3.265625	0.124473886843636
3.28125	0.123127665555608
3.296875	0.121793431313263
3.3125	0.120470641413124
3.328125	0.119159777446054
3.34375	0.117860247892761
3.359375	0.11657257621525
3.375	0.115296124091836
3.390625	0.114031455756105
3.40625	0.112777887141394
3.421875	0.111536023097314
3.4375	0.110305133894693
3.453125	0.109085865805078
3.46875	0.107877442532267
3.484375	0.106680553544509
3.5	0.105494374087684
3.515625	0.104319639562617
3.53125	0.103155473897782
3.546875	0.102002662096749
3.5625	0.100860272980895
3.578125	0.0997291457119481
3.59375	0.0986082893462886
3.609375	0.0974986025704452
3.625	0.0963990292377958
3.640625	0.0953105336361257
3.65625	0.0942319883143711
3.671875	0.0931644298166876
3.6875	0.0921066527701134
3.703125	0.0910597730458414
3.71875	0.0900225003960553
3.734375	0.0889960373078531
3.75	0.0879790015858225
3.765625	0.0869726896064162
3.78125	0.0859756202872151
3.796875	0.0849891908797598
3.8125	0.0840118149013526
3.828125	0.0830449968637104
3.84375	0.0820870391311922
3.859375	0.0811395589042608
3.875	0.0802007427807832
3.890625	0.0792722998359238
3.90625	0.0783523725066846
3.921875	0.0774426133451086
3.9375	0.0765413725227893
3.953125	0.0756500131646195
3.96875	0.0747671852595901
3.984375	0.0738939416302919
4	0.0730292519789551
4.015625	0.0721738403476551
4.03125	0.0713270133452237
4.046875	0.0704891507565986
4.0625	0.069659909953353
4.078125	0.0688393146537799
4.09375	0.0680273828148094
4.109375	0.0672237746735018
4.125	0.0664288738016476
4.140625	0.0656419747274463
4.15625	0.0648638260492408
4.171875	0.0640933604037738
4.1875	0.0633316843178517
4.203125	0.0625773793257995
4.21875	0.061831895313353
4.234375	0.0610934814704602
4.25	0.0603638937046411
4.265625	0.0596411194465887
4.28125	0.0589269154097734
4.296875	0.0582197487329493
4.3125	0.05752066087522
4.328125	0.0568288278758502
4.34375	0.0561445931271039
4.359375	0.0554678186460451
4.375	0.0547981788161705
4.390625	0.0541361861544214
4.40625	0.0534808883351103
4.421875	0.0528333989259881
4.4375	0.0521921958948895
4.453125	0.0515589289314185
4.46875	0.0509315795592835
4.484375	0.0503119684389738
4.5	0.0496985212369614
4.515625	0.0490922463043021
4.53125	0.0484925066299911
4.546875	0.0478993341181387
4.5625	0.0473130251377774
4.578125	0.0467327285841651
4.59375	0.0461595697149789
4.609375	0.0455919303819151
4.625	0.0450315720439683
4.640625	0.0444764439845383
4.65625	0.0439282248506971
4.671875	0.0433857774284087
4.6875	0.0428494892159146
4.703125	0.0423194420327939
4.71875	0.0417948854391817
4.734375	0.0412769520674748
4.75	0.040763937217792
4.765625	0.0402576330943182
4.78125	0.0397561712712994
4.796875	0.0392608960494452
4.8125	0.0387711169105087
4.828125	0.0382866943996795
4.84375	0.0378083055479934
4.859375	0.0373345703213025
4.875	0.036867213219976
4.890625	0.0364040680314023
4.90625	0.0359468915649753
4.921875	0.0354947331885146
4.9375	0.0350475881320466
4.953125	0.0346061122262116
4.96875	0.0341688615399065
4.984375	0.0337375864474821
5	0.0333102709774156
5.015625	0.0328883932473201
5.03125	0.0324713754117647
5.046875	0.0320587768777698
5.0625	0.0316517327178223
5.078125	0.0312483089357988
5.09375	0.0308503877346458
5.109375	0.0304565595610984
5.125	0.0300673293544427
5.140625	0.0296830964188163
5.15625	0.0293024745124349
5.171875	0.0289272183791156
5.1875	0.0285554027014892
5.203125	0.0281882798698499
5.21875	0.0278256892799439
5.234375	0.0274666407788148
5.25	0.0271127850180829
5.265625	0.0267618876331429
5.28125	0.0264156416820699
5.296875	0.0260736008569643
5.3125	0.0257349315603194
5.328125	0.0254012458599532
5.34375	0.0250702453451737
5.359375	0.0247436840413389
5.375	0.02442116531081
5.390625	0.0241017233006438
5.40625	0.0237870195918328
5.421875	0.0234749550137295
5.4375	0.0231669324691478
5.453125	0.0228629594285675
5.46875	0.0225616434081505
5.484375	0.0222647840351142
5.5	0.0219707402959909
5.515625	0.0216801654092704
5.53125	0.0213937967267935
5.546875	0.02110956477327
5.5625	0.0208294710527207
5.578125	0.0205525615643802
5.59375	0.0202784069136857
5.609375	0.0200085266435362
5.625	0.019740596071101
5.640625	0.0194762573431961
5.65625	0.0192156036344727
5.671875	0.0189569149448514
5.6875	0.0187021242834119
5.703125	0.0184500673637499
5.71875	0.0182005506675055
5.734375	0.0179550345026469
5.75	0.0177111647665181
5.765625	0.0174705543975997
5.78125	0.017233510380037
5.796875	0.0169979709343989
5.8125	0.0167659967896241
5.828125	0.0165368267423606
5.84375	0.0163095804545153
5.859375	0.0160859687397897
5.875	0.0158643253983237
5.890625	0.0156451080899946
5.90625	0.0154295820579929
5.921875	0.0152151442730419
5.9375	0.015003689384135
5.953125	0.0147955769654935
5.96875	0.0145884418543123
5.984375	0.0143844811874337
6	0.014183331161516
6.015625	0.013983397644503
6.03125	0.0137866621062268
6.046875	0.0135922013665696
6.0625	0.0133992125306762
6.078125	0.0132094328716287
6.09375	0.0130214096333167
6.109375	0.012835109071171
6.125	0.012652016626723
6.140625	0.012470199120397
6.15625	0.0122903316962993
6.171875	0.0121136591302094
6.1875	0.0119378341983931
6.203125	0.0117641468207833
6.21875	0.01159362887392
6.234375	0.0114236004613336
6.25	0.0112558428647938
6.265625	0.01109121711152
6.28125	0.01092680464009
6.296875	0.010764730180203
6.3125	0.0106057377952867
6.328125	0.0104467744130082
6.34375	0.0102901408780086
6.359375	0.0101365274170748
6.375	0.00998285810819807
6.390625	0.00983142855224427
6.40625	0.00968294474988359
6.421875	0.00953442429111626
6.4375	0.00938796789479096
6.453125	0.00924437048473799
6.46875	0.00910086122938916
6.484375	0.00895915419449747
6.5	0.00882020675752007
6.515625	0.00868157622508061
6.53125	0.00854440271260437
6.546875	0.00840987655921717
6.5625	0.00827599480205179
6.578125	0.00814314792463176
6.59375	0.0080128230213718
6.609375	0.00788355973293861
6.625	0.00775484261628748
6.640625	0.00762850856707576
6.65625	0.00750372988537818
6.671875	0.00737895681737228
6.6875	0.00725641391476505
6.703125	0.00713597886128411
6.71875	0.00701497655344517
6.734375	0.00689603691926942
6.75	0.00677973899598316
6.765625	0.00666240238751148
6.78125	0.00654689122844108
6.796875	0.00643384306332577
6.8125	0.00632074771534143
6.828125	0.00620850472774599
6.84375	0.00609853090016174
6.859375	0.00598953676477396
6.875	0.00588041773437833
6.890625	0.00577335795545859
6.90625	0.0056683022305576
6.921875	0.0055621808889024
6.9375	0.00545789160723146
6.953125	0.0053560203079564
6.96875	0.00525335267118968
6.984375	0.00515170894716966
7	0.00505224564044967
7.015625	0.00495349643985537
7.03125	0.00485439417813737
7.046875	0.00475721604684754
7.0625	0.00466217685278405
7.078125	0.00456553551531912
7.09375	0.00447054127674015
7.109375	0.00437779069983614
7.125	0.004284721435003
7.140625	0.00419183412711689
7.15625	0.00410090339510541
7.171875	0.00401153605017205
7.1875	0.00392070651510101
7.203125	0.00383152298211063
7.21875	0.00374458782963291
7.234375	0.00365676461626327
7.25	0.00356928433646993
7.265625	0.00348373182574342
7.28125	0.00339960271588072
7.296875	0.00331381510140701
7.3125	0.00322960721497203
7.328125	0.00314759197042486
7.34375	0.0030647291728914
7.359375	0.00298186241507288
7.375	0.00290082988970743
7.390625	0.0028216182145625
7.40625	0.00274013009432178
7.421875	0.00266008461955404
7.4375	0.00258211163051916
7.453125	0.00250401806932766
7.46875	0.00242500666431596
7.484375	0.00234766486944044
7.5	0.002272618107523
7.515625	0.00219521882321404
7.53125	0.00211856560385172
7.546875	0.00204379311819015
7.5625	0.00197030288235935
7.578125	0.00189445032367148
7.59375	0.00182002072136985
7.609375	0.00174766759859929
7.625	0.00167491011250767
7.640625	0.00160094967705638
7.65625	0.0015285942429994
7.671875	0.00145849608305564
7.6875	0.00138617842026696
7.703125	0.00131396243137569
7.71875	0.00124351793086053
7.734375	0.0011752324611726
7.75	0.001103375755351
7.765625	0.00103274355147674
7.78125	0.00096403399600072
7.796875	0.00089635655656152
7.8125	0.000825779195083797
7.828125	0.000756558191867002
7.84375	0.000689395814930658
7.859375	0.000622140222636484
7.875	0.000552675550546842
7.890625	0.00048468227403021
7.90625	0.000418868457754217
7.921875	0.000351889956079449
7.9375	0.000283361761866411
7.953125	0.000216402870908856
7.96875	0.000151729035572335
7.984375	8.49213244848879E-05
8	1.71450755432334E-05
