0.015625 -4.15888274142531
0.03125 -3.46573557757301
0.046875 -3.06027027327765
0.0625 -2.77258842105028
0.078125 -2.5494444599316
0.09375 -2.36712314490057
0.109375 -2.21297258994587
0.125 -2.07944127921454
0.140625 -1.96165812474587
0.15625 -1.85629775566699
0.171875 -1.76098765236913
0.1875 -1.67397632044032
0.203125 -1.59393364201025
0.21875 -1.51982569020857
0.234375 -1.45083255468818
0.25 -1.3862941662517
0.265625 -1.32566962032805
0.28125 -1.2685112509767
0.296875 -1.21444405643025
0.3125 -1.163150778488
0.328125 -1.11436062468172
0.34375 -1.06784061572887
0.359375 -1.02338885756108
0.375 -0.98082892717386
0.390625 -0.940007048558797
0.40625 -0.900786410046675
0.421875 -0.863046130198569
0.4375 -0.826678517092223
0.453125 -0.791587217331387
0.46875 -0.757685678590675
0.484375 -0.724895864102946
0.5 -0.693147171150177
0.515625 -0.662375515924245
0.53125 -0.632522090321887
0.546875 -0.603534712472019
0.5625 -0.575363942280806
0.578125 -0.547965039263067
0.59375 -0.521296839233097
0.609375 -0.495321383655762
0.625 -0.470003595664191
0.640625 -0.445310995896078
0.65625 -0.421213452438898
0.671875 -0.39768296010264
0.6875 -0.374693444999328
0.703125 -0.352220591034773
0.71875 -0.330241685435624
0.734375 -0.308735480864596
0.75 -0.287682072034952
0.765625 -0.2670627850351
0.78125 -0.246860077825896
0.796875 -0.22705745058548
0.8125 -0.207639364755902
0.828125 -0.188591169798137
0.84375 -0.169899036791713
0.859375 -0.151549898125882
0.875 -0.1335313926241
0.890625 -0.115831815525004
0.90625 -0.0984400728132253
0.921875 -0.0813456394539475
0.9375 -0.0645385211375706
0.953125 -0.0480092191863606
0.96875 -0.0317486983145803
0.984375 -0.0157483569681392
1 0
1.015625 0.0155041865359653
1.03125 0.0307716586667537
1.046875 0.0458095360312942
1.0625 0.0606246218164345
1.078125 0.0752234212375851
1.09375 0.0896121586896755
1.109375 0.1037967936816
1.125 0.117783035656247
1.140625 0.131576357788349
1.15625 0.145182009843601
1.171875 0.158605030174653
1.1875 0.171850256922577
1.203125 0.184922338486122
1.21875 0.197825743315457
1.234375 0.210564769082015
1.25 0.223143551271552
1.265625 0.235566071243386
1.28125 0.247836163795144
1.296875 0.259957524268951
1.3125 0.271933715232041
1.328125 0.283768172761991
1.34375 0.295464212364327
1.359375 0.307025034548016
1.375 0.318453730082288
1.390625 0.329753284956407
1.40625 0.340926585062295
1.421875 0.351976420618402
1.4375 0.362905490351771
1.453125 0.373716405454004
1.46875 0.384411693325622
1.484375 0.394993801122272
1.5 0.405465099115225
1.515625 0.415827883877711
1.53125 0.426084381307822
1.546875 0.436236749497923
1.5625 0.446287081459852
1.578125 0.456237407714497
1.59375 0.466089698753789
1.609375 0.475845867382567
1.625 0.485507770947295
1.640625 0.495077213458112
1.65625 0.504555947610306
1.671875 0.513945676710854
1.6875 0.523248056515356
1.703125 0.532464696980296
1.71875 0.541597163935289
1.734375 0.550646980679653
1.75 0.559615629507374
1.765625 0.568504553164298
1.78125 0.577315156241128
1.796875 0.586048806505585
1.8125 0.594706836176905
1.828125 0.603290543145638
1.84375 0.611801192141544
1.859375 0.620240015852215
1.875 0.628608215994899
1.890625 0.636906964343857
1.90625 0.64513740371545
1.921875 0.653301266812461
1.9375 0.661398476363882
1.953125 0.669430647306127
1.96875 0.677398816120133
1.984375 0.685303994705202
2 0.693147171150177
2.015625 0.700929310474615
2.03125 0.708651355341344
2.046875 0.716314226741716
2.0625 0.723918824654799
2.078125 0.731466028681701
2.09375 0.738956698656126
2.109375 0.74639167523224
2.125 0.753771780450837
2.140625 0.76109781828477
2.15625 0.768370575164542
2.171875 0.77559082048493
2.1875 0.782759307093436
2.203125 0.78987677176137
2.21875 0.796943935638277
2.234375 0.803961504690415
2.25 0.810930170123969
2.265625 0.8178506087936
2.28125 0.824723483596974
2.296875 0.83154944385581
2.3125 0.838329125684016
2.328125 0.845063152343433
2.34375 0.851752134587675
2.359375 0.858396670994548
2.375 0.864997348287496
2.390625 0.871554741646511
2.40625 0.878069415008907
2.421875 0.884541921360374
2.4375 0.890972803016655
2.453125 0.897362591896241
2.46875 0.903711809784393
2.484375 0.910020968588851
2.5 0.916290570587509
2.515625 0.92252110866839
2.53125 0.928713066562182
2.546875 0.934866919067621
2.5625 0.940983132269983
2.578125 0.947062163752932
2.59375 0.953104462803968
2.609375 0.95911047061371
2.625 0.965080620469225
2.640625 0.971015337941618
2.65625 0.976915041068098
2.671875 0.982780140528692
2.6875 0.988611039817821
2.703125 0.994408135410889
2.71875 1.00017181692608
2.734375 1.00590246728152
2.75 1.01160046284794
2.765625 1.01726663983584
2.78125 1.02290045710305
2.796875 1.02850271218228
2.8125 1.03407375674325
2.828125 1.03961393661065
2.84375 1.04512359189298
2.859375 1.05060305710782
2.875 1.05605266130373
2.890625 1.06147272817878
2.90625 1.06686357619593
2.921875 1.07222551869537
2.9375 1.07755886400372
2.953125 1.08286391554048
2.96875 1.0881409719216
2.984375 1.09339032706031
3 1.0986122702654
3.015625 1.10380708633685
3.03125 1.10897505565907
3.046875 1.11411645429167
3.0625 1.11923155405801
3.078125 1.12432062263136
3.09375 1.129383923619
3.109375 1.13442171664414
3.125 1.13943425742582
3.140625 1.14442179785674
3.15625 1.14938458607929
3.171875 1.1543228665596
3.1875 1.15923688015977
3.203125 1.16412686420842
3.21875 1.16899305256943
3.234375 1.17383567570905
3.25 1.17865496076142
3.265625 1.18345113159249
3.28125 1.1882244088624
3.296875 1.19297501008642
3.3125 1.1977031496944
3.328125 1.2024090390889
3.34375 1.20709288670183
3.359375 1.21175489804992
3.375 1.21639527578878
3.390625 1.22101421976578
3.40625 1.2256119270717
3.421875 1.23018859209118
3.4375 1.23474440655205
3.453125 1.23927955957349
3.46875 1.2437942377132
3.484375 1.24828862501338
3.5 1.2527629030458
3.515625 1.25721725095579
3.53125 1.26165184550528
3.546875 1.26606686111492
3.5625 1.2704624699052
3.578125 1.27483884173675
3.59375 1.27919614424969
3.609375 1.28353454290222
3.625 1.28785420100826
3.640625 1.29215527977437
3.65625 1.29643793833585
3.671875 1.30070233379207
3.6875 1.30494862124102
3.703125 1.30917695381322
3.71875 1.3133874827048
3.734375 1.31758035720994
3.75 1.32175572475269
3.765625 1.32591373091802
3.78125 1.33005451948229
3.796875 1.33417823244311
3.8125 1.33828501004853
3.828125 1.34237499082566
3.84375 1.34644831160874
3.859375 1.35050510756656
3.875 1.35454551222942
3.890625 1.35856965751549
3.90625 1.36257767375664
3.921875 1.3665696897238
3.9375 1.37054583265175
3.953125 1.37450622826346
3.96875 1.37845100079398
3.984375 1.38238027301378
4 1.3862941662517
4.015625 1.39019280041743
4.03125 1.39407629402354
4.046875 1.39794476420712
4.0625 1.40179832675098
4.078125 1.4056370961044
4.09375 1.40946118540359
4.109375 1.41327070649167
4.125 1.41706576993827
4.140625 1.42084648505883
4.15625 1.42461295993349
4.171875 1.42836530142561
4.1875 1.43210361519996
4.203125 1.43582800574061
4.21875 1.43953857636841
4.234375 1.44323542925824
4.25 1.44691866545583
4.265625 1.45058838489438
4.28125 1.45424468641084
4.296875 1.45788766776184
4.3125 1.46151742563938
4.328125 1.46513405568627
4.34375 1.46873765251122
4.359375 1.4723283097037
4.375 1.47590611984853
4.390625 1.47947153152586
4.40625 1.48302393237843
4.421875 1.48656375832556
4.4375 1.4900910980793
4.453125 1.49360603941622
4.46875 1.49710866919056
4.484375 1.50059907334708
4.5 1.50407733693373
4.515625 1.50754354411406
4.53125 1.51099777817945
4.546875 1.51444012156115
4.5625 1.51787065584201
4.578125 1.52128946176818
4.59375 1.52469661926042
4.609375 1.52809220742537
4.625 1.53147630456655
4.640625 1.5348489881952
4.65625 1.53821033504092
4.671875 1.54156042106216
4.6875 1.5448993214565
4.703125 1.54822711067081
4.71875 1.55154386241119
4.734375 1.55484964965274
4.75 1.55814454464924
4.765625 1.5614286189426
4.78125 1.56470194337219
4.796875 1.56796458808401
4.8125 1.57121662253969
4.828125 1.57445811552538
4.84375 1.57768913516048
4.859375 1.58090974890624
4.875 1.58412002357417
4.890625 1.58732002533441
4.90625 1.59050981972388
4.921875 1.59368947165434
4.9375 1.59685904542031
4.953125 1.60001860470691
4.96875 1.60316821259746
4.984375 1.60630793158112
5 1.60943782356028
5.015625 1.61255794985789
5.03125 1.61566837122469
5.046875 1.61876914784628
5.0625 1.62186033935012
5.078125 1.62494200481243
5.09375 1.6280142027649
5.109375 1.63107699120146
5.125 1.63413042758475
5.140625 1.63717456885266
5.15625 1.64020947142465
5.171875 1.64323519120807
5.1875 1.6462517836043
5.203125 1.64925930351486
5.21875 1.6522578053474
5.234375 1.65524734302159
5.25 1.65822796997498
5.265625 1.66119973916868
5.28125 1.66416270309303
5.296875 1.66711691377319
5.3125 1.67006242277456
5.328125 1.67299928120823
5.34375 1.6759275397363
5.359375 1.67884724857707
5.375 1.68175845751029
5.390625 1.68466121588219
5.40625 1.68755557261052
5.421875 1.69044157618949
5.4375 1.69331927469467
5.453125 1.69618871578775
5.46875 1.69904994672132
5.484375 1.70190301434351
5.5 1.7047479651026
5.515625 1.70758484505159
5.53125 1.71041369985261
5.546875 1.71323457478138
5.5625 1.71604751473154
5.578125 1.71885256421893
5.59375 1.72164976738583
5.609375 1.72443916800514
5.625 1.72722080948445
5.640625 1.72999473487013
5.65625 1.73276098685131
5.671875 1.73551960776382
5.6875 1.7382706395941
5.703125 1.74101412398301
5.71875 1.74375010222961
5.734375 1.74647861529491
5.75 1.74919970380554
5.765625 1.75191340805736
5.78125 1.7546197680191
5.796875 1.75731882333582
5.8125 1.76001061333242
5.828125 1.76269517701711
5.84375 1.76537255308477
5.859375 1.76804277992028
5.875 1.77070589560188
5.890625 1.77336193790436
5.90625 1.77601094430234
5.921875 1.77865295197337
5.9375 1.78128799780114
5.953125 1.78391611837851
5.96875 1.78653735001058
5.984375 1.7891517287177
6 1.79175929023845
6.015625 1.79436007003256
6.03125 1.79695410328377
6.046875 1.79954142490277
6.0625 1.80212206952993
6.078125 1.80469607153814
6.09375 1.80726346503553
6.109375 1.8098242838682
6.125 1.81237856162287
6.140625 1.81492633162956
6.15625 1.81746762696417
6.171875 1.82000248045108
6.1875 1.82253092466566
6.203125 1.82505299193681
6.21875 1.82756871434943
6.234375 1.8300781237469
6.25 1.83258125173343
6.265625 1.8350781296765
6.28125 1.83756878870923
6.296875 1.84005325973267
6.3125 1.8425315734181
6.328125 1.84500376020935
6.34375 1.84746985032499
6.359375 1.84992987376059
6.375 1.85238386029085
6.390625 1.85483183947185
6.40625 1.8572738406431
6.421875 1.8597098929297
6.4375 1.86214002524442
6.453125 1.86456426628972
6.46875 1.86698264455984
6.484375 1.86939518834277
6.5 1.87180192572227
6.515625 1.87420288457977
6.53125 1.8765980925964
6.546875 1.8789875772548
6.5625 1.88137136584111
6.578125 1.88374948544676
6.59375 1.88612196297038
6.609375 1.88848882511959
6.625 1.89085009841279
6.640625 1.893205809181
6.65625 1.89555598356956
6.671875 1.8979006475399
6.6875 1.90023982687128
6.703125 1.90257354716244
6.71875 1.90490183383333
6.734375 1.90722471212675
6.75 1.90954220710998
6.765625 1.91185434367642
6.78125 1.91416114654721
6.796875 1.91646264027278
6.8125 1.91875884923443
6.828125 1.92104979764589
6.84375 1.92333550955486
6.859375 1.9256160088445
6.875 1.92789131923492
6.890625 1.93016146428472
6.90625 1.93242646739238
6.921875 1.93468635179774
6.9375 1.93694114058346
6.953125 1.93919085667637
6.96875 1.94143552284893
6.984375 1.94367516172057
7 1.94590979575907
7.015625 1.94813944728195
7.03125 1.95036413845774
7.046875 1.95258389130735
7.0625 1.95479872770536
7.078125 1.95700866938133
7.09375 1.95921373792106
7.109375 1.96141395476786
7.125 1.96360934122381
7.140625 1.96579991845099
7.15625 1.9679857074727
7.171875 1.97016672917468
7.1875 1.9723430043063
7.203125 1.97451455348176
7.21875 1.97668139718124
7.234375 1.97884355575206
7.25 1.98100104940985
7.265625 1.98315389823967
7.28125 1.98530212219712
7.296875 1.98744574110946
7.3125 1.98958477467673
7.328125 1.99171924247279
7.34375 1.99384916394643
7.359375 1.99597455842244
7.375 1.99809544510261
7.390625 2.00021184306683
7.40625 2.00232377127411
7.421875 2.00443124856355
7.4375 2.00653429365542
7.453125 2.00863292515208
7.46875 2.01072716153906
7.484375 2.01281702118595
7.5 2.01490252234741
7.515625 2.01698368316412
7.53125 2.01906052166373
7.546875 2.0211330557618
7.5625 2.0232013032627
7.578125 2.02526557370165
7.59375 2.02732530561994
7.609375 2.02938080375623
7.625 2.03143208547991
7.640625 2.03347916805367
7.65625 2.03552206863442
7.671875 2.03756080427415
7.6875 2.03959539192072
7.703125 2.04162584841882
7.71875 2.04365219051067
7.734375 2.04567443483698
7.75 2.04769259793767
7.765625 2.04970669625274
7.78125 2.05171674612305
7.796875 2.0537227637911
7.8125 2.05572476540188
7.828125 2.05772276700356
7.84375 2.05971678454833
7.859375 2.06170683389316
7.875 2.0636929308005
7.890625 2.06567509093911
7.90625 2.06765332988473
7.921875 2.06962766312085
7.9375 2.07159810603945
7.953125 2.07356467394168
7.96875 2.0755273820386
7.984375 2.0774862454519
