2 1.885 1.0537 0.004 0.2395
4 0.0174 0.0041 0.0013 0.0008
6 0.0263 0.0087 0.0023 0.001
8 0.0594 0.0146 0.0034 0.0031
10 0.1048 0.027 0.0063 0.0019
15 0.3035 0.0749 0.0071 0.0066
20 0.6461 0.1426 0.0093 0.0125
25 1.3767 0.3181 0.0145 0.0104
30 2.1185 0.718 0.0213 0.02
40 4.5332 1.3336 0.0644 0.0283
50 8.4907 2.3157 0.0333 0.0391
60 14.1209 5.1055 0.0301 0.0324
75 28.3095 16.1537 0.1062 0.1362
100 87.1175 97.4381 0.114 0.1228
125 130.7599 231.2125 0.1584 0.2098
150 227.4492 3232.4674 0.1872 0.2803
175 365.6504 1122.3824 0.227 1.012
200 529.73 1161.1262 0.4192 0.571
