    -5.969      0.04719539
    -5.938      0.02513534
    -5.906      0.01790397
    -5.875      0.01439199
    -5.844      0.01237926
    -5.813      0.01112746
    -5.781      0.01032199
    -5.750      0.00980746
    -5.719      0.00949965
    -5.688      0.00935040
    -5.656      0.00933173
    -5.625      0.00942808
    -5.594      0.00963233
    -5.563      0.00994375
    -5.531      0.01036713
    -5.500      0.01091265
    -5.469      0.01159643
    -5.438      0.01244173
    -5.406      0.01348109
    -5.375      0.01475973
    -5.344      0.01634089
    -5.313      0.01831464
    -5.281      0.02081258
    -5.250      0.02403365
    -5.219      0.02829214
    -5.188      0.03411389
    -5.156      0.04244779
    -5.125      0.05519486
    -5.094      0.07679548
    -5.063      0.12057849
    -5.031      0.25320560
    -5.000 -42756497195167.10000000
    -4.969     -0.28169750
    -4.938     -0.14924107
    -4.906     -0.10574534
    -4.875     -0.08455295
    -4.844     -0.07234128
    -4.813     -0.06467837
    -4.781     -0.05967399
    -4.750     -0.05639287
    -4.719     -0.05432614
    -4.688     -0.05318043
    -4.656     -0.05278261
    -4.625     -0.05303296
    -4.594     -0.05388083
    -4.563     -0.05531211
    -4.531     -0.05734320
    -4.500     -0.06001960
    -4.469     -0.06341797
    -4.438     -0.06765189
    -4.406     -0.07288216
    -4.375     -0.07933354
    -4.344     -0.08732162
    -4.313     -0.09729653
    -4.281     -0.10991644
    -4.250     -0.12617664
    -4.219     -0.14764963
    -4.188     -0.17696582
    -4.156     -0.21887143
    -4.125     -0.28287367
    -4.094     -0.39117695
    -4.063     -0.61042860
    -4.031     -1.27394067
    -4.000 267228107469794.00000000
    -3.969      1.39968448
    -3.938      0.73687779
    -3.906      0.51881309
    -3.875      0.41219562
    -3.844      0.35040309
    -3.813      0.31126464
    -3.781      0.28531625
    -3.750      0.26786613
    -3.719      0.25635147
    -3.688      0.24928325
    -3.656      0.24576904
    -3.625      0.24527742
    -3.594      0.24751508
    -3.563      0.25236150
    -3.531      0.25983639
    -3.500      0.27008821
    -3.469      0.28339905
    -3.438      0.30020526
    -3.406      0.32113703
    -3.375      0.34708425
    -3.344      0.37930327
    -3.313      0.41959127
    -3.281      0.47057978
    -3.250      0.53625073
    -3.219      0.62289688
    -3.188      0.74104437
    -3.156      0.90968437
    -3.125      1.16685388
    -3.094      1.60138066
    -3.063      2.47986618
    -3.031      5.13557331
    -3.000 -1425216573172240.00000000
    -2.969     -5.55499776
    -2.938     -2.90145631
    -2.906     -2.02661363
    -2.875     -1.59725802
    -2.844     -1.34686188
    -2.813     -1.18669643
    -2.781     -1.07885209
    -2.750     -1.00449799
    -2.719     -0.95330704
    -2.688     -0.91923200
    -2.656     -0.89859304
    -2.625     -0.88913065
    -2.594     -0.88950732
    -2.563     -0.89903785
    -2.531     -0.91754724
    -2.500     -0.94530873
    -2.469     -0.98304044
    -2.438     -1.03195558
    -2.406     -1.09387299
    -2.375     -1.17140934
    -2.344     -1.26829532
    -2.313     -1.38989609
    -2.281     -1.54408989
    -2.250     -1.74281488
    -2.219     -2.00494933
    -2.188     -2.36207894
    -2.156     -2.87119130
    -2.125     -3.64641838
    -2.094     -4.95427141
    -2.063     -7.59459017
    -2.031    -15.56720659
    -2.000 6413474579275060.00000000
    -1.969     16.49139961
    -1.938      8.52302792
    -1.906      5.88984587
    -1.875      4.59211682
    -1.844      3.83013847
    -1.813      3.33758371
    -1.781      3.00055736
    -1.750      2.76236947
    -1.719      2.59180350
    -1.688      2.47043600
    -1.656      2.38688777
    -1.625      2.33396795
    -1.594      2.30715962
    -1.563      2.30378448
    -1.531      2.32254146
    -1.500      2.36327182
    -1.469      2.42688109
    -1.438      2.51539173
    -1.406      2.63213189
    -1.375      2.78209718
    -1.344      2.97256716
    -1.313      3.21413470
    -1.281      3.52245507
    -1.250      3.92133349
    -1.219      4.44848132
    -1.188      5.16704768
    -1.156      6.19100625
    -1.125      7.74863907
    -1.094     10.37300576
    -1.063     15.66384222
    -1.031     31.62088839
    -1.000 -25653898317100200.00000000
    -0.969    -32.46744298
    -0.938    -16.51336660
    -0.906    -11.22751869
    -0.875     -8.61021903
    -0.844     -7.06181780
    -0.813     -6.04937047
    -0.781     -5.34474281
    -0.750     -4.83414658
    -0.719     -4.45466227
    -0.688     -4.16886075
    -0.656     -3.95328286
    -0.625     -3.79269792
    -0.594     -3.67703564
    -0.563     -3.59966325
    -0.531     -3.55639161
    -0.500     -3.54490773
    -0.469     -3.56448160
    -0.438     -3.61587561
    -0.406     -3.70143547
    -0.375     -3.82538363
    -0.344     -3.99438712
    -0.313     -4.21855179
    -0.281     -4.51314556
    -0.250     -4.90166686
    -0.219     -5.42158661
    -0.188     -6.13586912
    -0.156     -7.15835098
    -0.125     -8.71721895
    -0.094    -11.34547505
    -0.063    -16.64283235
    -0.031    -32.60904115
     0.000        Infinity
     0.031     31.45283484
     0.063     15.48128092
     0.094     10.17493864
     0.125      7.53394152
     0.156      5.95840867
     0.188      4.91511343
     0.219      4.17558025
     0.250      3.62560987
     0.281      3.20178845
     0.313      2.86609172
     0.344      2.59434184
     0.375      2.37043616
     0.406      2.18323988
     0.438      2.02481054
     0.469      1.88933301
     0.500      1.77245384
     0.531      1.67085072
     0.563      1.58194555
     0.594      1.50370814
     0.625      1.43451884
     0.656      1.37307055
     0.688      1.31829741
     0.719      1.26932217
     0.750      1.22541669
     0.781      1.18597205
     0.813      1.15047544
     0.844      1.11849232
     0.875      1.08965235
     0.906      1.06363827
     0.938      1.04017700
     0.969      1.01903252
     1.000      0.99999999
     1.031      0.98290109
     1.063      0.96758006
     1.094      0.95390050
     1.125      0.94174269
     1.156      0.93100135
     1.188      0.92158377
     1.219      0.91340818
     1.250      0.90640247
     1.281      0.90050300
     1.313      0.89565366
     1.344      0.89180501
     1.375      0.88891356
     1.406      0.88694120
     1.438      0.88585461
     1.469      0.88562485
     1.500      0.88622692
     1.531      0.88763945
     1.563      0.88984437
     1.594      0.89282671
     1.625      0.89657427
     1.656      0.90107755
     1.688      0.90632947
     1.719      0.91232531
     1.750      0.91906252
     1.781      0.92654066
     1.813      0.93476130
     1.844      0.94372790
     1.875      0.95344581
     1.906      0.96392218
     1.938      0.97516594
     1.969      0.98718775
     2.000      0.99999999
     2.031      1.01361675
     2.063      1.02805381
     2.094      1.04332867
     2.125      1.05946053
     2.156      1.07647032
     2.188      1.09438072
     2.219      1.11321622
     2.250      1.13300309
     2.281      1.15376947
     2.313      1.17554543
     2.344      1.19836298
     2.375      1.22225615
     2.406      1.24726106
     2.438      1.27341601
     2.469      1.30076150
     2.500      1.32934038
     2.531      1.35919790
     2.563      1.39038184
     2.594      1.42294256
     2.625      1.45693319
     2.656      1.49240969
     2.688      1.52943098
     2.719      1.56805912
     2.750      1.60835941
     2.781      1.65040056
     2.813      1.69425485
     2.844      1.73999831
     2.875      1.78771089
     2.906      1.83747666
     2.938      1.88938401
     2.969      1.94352589
     3.000      1.99999998
     3.031      2.05890902
     3.063      2.12036099
     3.094      2.18446940
     3.125      2.25135362
     3.156      2.32113912
     3.188      2.39395783
     3.219      2.46994848
     3.250      2.54925694
     3.281      2.63203661
     3.313      2.71844881
     3.344      2.80866323
     3.375      2.90285835
     3.406      3.00122193
     3.438      3.10395151
     3.469      3.21125495
     3.500      3.32335094
     3.531      3.44046969
     3.563      3.56285345
     3.594      3.69075727
     3.625      3.82444963
     3.656      3.96421323
     3.688      4.11034576
     3.719      4.26316074
     3.750      4.42298838
     3.781      4.59017655
     3.813      4.76509176
     3.844      4.94812019
     3.875      5.13966880
     3.906      5.34016653
     3.938      5.55006553
     3.969      5.76984248
     4.000      5.99999993
     4.031      6.24106796
     4.063      6.49360552
     4.094      6.75820221
     4.125      7.03548006
     4.156      7.32609534
     4.188      7.63074059
     4.219      7.95014668
     4.250      8.28508506
     4.281      8.63637012
     4.313      9.00486168
     4.344      9.39146767
     4.375      9.79714693
     4.406     10.22291220
     4.438     10.66983333
     4.469     11.13904059
     4.500     11.63172830
     4.531     12.14915858
     4.563     12.69266543
     4.594     13.26365894
     4.625     13.86362992
     4.656     14.49415464
     4.688     15.15690001
     4.719     15.85362899
     4.750     16.58620642
     4.781     17.35660509
     4.813     18.16691234
     4.844     19.01933697
     4.875     19.91621660
     4.906     20.86002552
     4.938     21.85338304
     4.969     22.89906233
     5.000     23.99999974
     5.031     25.15930523
     5.063     26.38027241
     5.094     27.66639030
     5.125     29.02135524
     5.156     30.44908377
     5.188     31.95372623
     5.219     33.53968132
     5.250     35.21161152
     5.281     36.97445958
     5.313     38.83346600
     5.344     40.79418769
     5.375     42.86251780
     5.406     45.04470689
     5.438     47.34738540
     5.469     49.77758765
     5.500     52.34277735
     5.531     55.05087483
     5.563     57.91028601
     5.594     60.92993328
     5.625     64.11928839
     5.656     67.48840754
     5.688     71.04796879
     5.719     74.80931181
     5.750     78.78448048
     5.781     82.98626809
     5.813     87.42826565
     5.844     92.12491345
     5.875     97.09155590
     5.906    102.34450020
     5.938    107.90107876
     5.969    113.77971596
