1 1 -19 0
1.0625 -0.1015625 -16.25 0.0271809895833333
1.125 -1.03125 -13.5 -0.00911458333333333
1.1875 -1.7890625 -10.75 -0.09814453125
1.25 -2.375 -8 -0.229166666666667
1.3125 -2.7890625 -5.25 -0.391438802083333
1.375 -3.03125 -2.5 -0.57421875
1.4375 -3.1015625 0.25 -0.766764322916667
1.5 -3 3 -0.958333333333333
1.5625 -2.7265625 5.75 -1.13818359375
1.625 -2.28125 8.5 -1.29557291666667
1.6875 -1.6640625 11.25 -1.41975911458333
1.75 -0.875 14 -1.5
1.8125 0.0859375 16.75 -1.52555338541667
1.875 1.21875 19.5 -1.48567708333333
1.9375 2.5234375 22.25 -1.36962890625
2 4 25 -1.16666666666667
2.0625 5.484375 22.5 -0.869466145833334
2.125 6.8125 20 -0.484375
2.1875 7.984375 17.5 -0.021158854166667
2.25 9 15 0.510416666666666
2.3125 9.859375 12.5 1.1005859375
2.375 10.5625 10 1.73958333333333
2.4375 11.109375 7.5 2.41764322916667
2.5 11.5 5 3.125
2.5625 11.734375 2.5 3.85188802083333
2.625 11.8125 0 4.58854166666667
2.6875 11.734375 -2.5 5.3251953125
2.75 11.5 -5 6.05208333333333
2.8125 11.109375 -7.5 6.75944010416667
2.875 10.5625 -10 7.4375
2.9375 9.859375 -12.5 8.07649739583333
3 9 -15 8.66666666666667
3.0625 8.1484375 -12.25 9.20166015625
3.125 7.46875 -9.5 9.68880208333333
3.1875 6.9609375 -6.75 10.1388346354167
3.25 6.625 -4 10.5625
3.3125 6.4609375 -1.25 10.9705403645833
3.375 6.46875 1.5 11.3736979166667
3.4375 6.6484375 4.25 11.78271484375
3.5 7 7 12.2083333333333
3.5625 7.5234375 9.75 12.6612955729167
3.625 8.21875 12.5 13.15234375
3.6875 9.0859375 15.25 13.6922200520833
3.75 10.125 18 14.2916666666667
3.8125 11.3359375 20.75 14.96142578125
3.875 12.71875 23.5 15.7122395833333
3.9375 14.2734375 26.25 16.5548502604167
4 16 29 17.5
4.0625 17.734375 26.5 18.5550130208333
4.125 19.3125 24 19.7135416666667
4.1875 20.734375 21.5 20.9658203125
4.25 22 19 22.3020833333333
4.3125 23.109375 16.5 23.7125651041667
4.375 24.0625 14 25.1875
4.4375 24.859375 11.5 26.7171223958333
4.5 25.5 9 28.2916666666667
4.5625 25.984375 6.5 29.9013671875
4.625 26.3125 4 31.5364583333333
4.6875 26.484375 1.5 33.1871744791667
4.75 26.5 -1 34.84375
4.8125 26.359375 -3.5 36.4964192708333
4.875 26.0625 -6 38.1354166666667
4.9375 25.609375 -8.5 39.7509765625
5 25 -11 41.3333333333333
5.0625 24.3203125 -10.75 42.87451171875
5.125 23.65625 -10.5 44.3736979166667
5.1875 23.0078125 -10.25 45.8318684895833
5.25 22.375 -10 47.25
5.3125 21.7578125 -9.75 48.6290690104167
5.375 21.15625 -9.5 49.9700520833333
5.4375 20.5703125 -9.25 51.27392578125
5.5 20 -9 52.5416666666667
5.5625 19.4453125 -8.75 53.7742513020833
5.625 18.90625 -8.5 54.97265625
5.6875 18.3828125 -8.25 56.1378580729167
5.75 17.875 -8 57.2708333333333
5.8125 17.3828125 -7.75 58.37255859375
5.875 16.90625 -7.5 59.4440104166667
5.9375 16.4453125 -7.25 60.4861653645833
6 16 -7 61.5
6.0625 15.5625 -7 62.486328125
6.125 15.125 -7 63.4453125
6.1875 14.6875 -7 64.376953125
6.25 14.25 -7 65.28125
6.3125 13.8125 -7 66.158203125
6.375 13.375 -7 67.0078125
6.4375 12.9375 -7 67.830078125
6.5 12.5 -7 68.625
6.5625 12.0625 -7 69.392578125
6.625 11.625 -7 70.1328125
6.6875 11.1875 -7 70.845703125
6.75 10.75 -7 71.53125
6.8125 10.3125 -7 72.189453125
6.875 9.875 -7 72.8203125
6.9375 9.4375 -7 73.423828125
7 9 -7 74
7.0625 8.5703125 -6.75 74.5489908854167
7.125 8.15625 -6.5 75.0716145833333
7.1875 7.7578125 -6.25 75.56884765625
7.25 7.375 -6 76.0416666666667
7.3125 7.0078125 -5.75 76.4910481770833
7.375 6.65625 -5.5 76.91796875
7.4375 6.3203125 -5.25 77.3234049479167
7.5 6 -5 77.7083333333333
7.5625 5.6953125 -4.75 78.07373046875
7.625 5.40625 -4.5 78.4205729166667
7.6875 5.1328125 -4.25 78.7498372395833
7.75 4.875 -4 79.0625
7.8125 4.6328125 -3.75 79.3595377604167
7.875 4.40625 -3.5 79.6419270833333
7.9375 4.1953125 -3.25 79.91064453125
8 4 -3 80.1666666666667
8.0625 3.8125 -3 80.4108072916667
8.125 3.625 -3 80.6432291666667
8.1875 3.4375 -3 80.8639322916667
8.25 3.25 -3 81.0729166666667
8.3125 3.0625 -3 81.2701822916667
8.375 2.875 -3 81.4557291666667
8.4375 2.6875 -3 81.6295572916667
8.5 2.5 -3 81.7916666666667
8.5625 2.3125 -3 81.9420572916667
8.625 2.125 -3 82.0807291666667
8.6875 1.9375 -3 82.2076822916667
8.75 1.75 -3 82.3229166666667
8.8125 1.5625 -3 82.4264322916667
8.875 1.375 -3 82.5182291666667
8.9375 1.1875 -3 82.5983072916667
9 1 -3 82.6666666666667
