1 1 0
1.0625 1.0625 0.064453125
1.125 1.125 0.1328125
1.1875 1.1875 0.205078125
1.25 1.25 0.28125
1.3125 1.3125 0.361328125
1.375 1.375 0.4453125
1.4375 1.4375 0.533203125
1.5 1.5 0.625
1.5625 1.5625 0.720703125
1.625 1.625 0.8203125
1.6875 1.6875 0.923828125
1.75 1.75 1.03125
1.8125 1.8125 1.142578125
1.875 1.875 1.2578125
1.9375 1.9375 1.376953125
2 2 1.5
2.0625 2.0625 1.626953125
2.125 2.125 1.7578125
2.1875 2.1875 1.892578125
2.25 2.25 2.03125
2.3125 2.3125 2.173828125
2.375 2.375 2.3203125
2.4375 2.4375 2.470703125
2.5 2.5 2.625
2.5625 2.5625 2.783203125
2.625 2.625 2.9453125
2.6875 2.6875 3.111328125
2.75 2.75 3.28125
2.8125 2.8125 3.455078125
2.875 2.875 3.6328125
2.9375 2.9375 3.814453125
3 3 4
3.0625 3.0625 4.189453125
3.125 3.125 4.3828125
3.1875 3.1875 4.580078125
3.25 3.25 4.78125
3.3125 3.3125 4.986328125
3.375 3.375 5.1953125
3.4375 3.4375 5.408203125
3.5 3.5 5.625
3.5625 3.5625 5.845703125
3.625 3.625 6.0703125
3.6875 3.6875 6.298828125
3.75 3.75 6.53125
3.8125 3.8125 6.767578125
3.875 3.875 7.0078125
3.9375 3.9375 7.251953125
4 4 7.5
4.0625 4.0625 7.751953125
4.125 4.125 8.0078125
4.1875 4.1875 8.267578125
4.25 4.25 8.53125
4.3125 4.3125 8.798828125
4.375 4.375 9.0703125
4.4375 4.4375 9.345703125
4.5 4.5 9.625
4.5625 4.5625 9.908203125
4.625 4.625 10.1953125
4.6875 4.6875 10.486328125
4.75 4.75 10.78125
4.8125 4.8125 11.080078125
4.875 4.875 11.3828125
4.9375 4.9375 11.689453125
5 5 12
