1 2 10 0
1.0625 2.58984375 8.875 0.143798828125
1.125 3.109375 7.75 0.322265625
1.1875 3.55859375 6.625 0.531005859375
1.25 3.9375 5.5 0.765625
1.3125 4.24609375 4.375 1.021728515625
1.375 4.484375 3.25 1.294921875
1.4375 4.65234375 2.125 1.580810546875
1.5 4.75 1 1.875
1.5625 4.77734375 -0.125 2.173095703125
1.625 4.734375 -1.25 2.470703125
1.6875 4.62109375 -2.375 2.763427734375
1.75 4.4375 -3.5 3.046875
1.8125 4.18359375 -4.625 3.316650390625
1.875 3.859375 -5.75 3.568359375
1.9375 3.46484375 -6.875 3.797607421875
2 3 -8 4
2.0625 2.52734375 -7.125 4.17244466145833
2.125 2.109375 -6.25 4.31705729166667
2.1875 1.74609375 -5.375 4.437255859375
2.25 1.4375 -4.5 4.53645833333333
2.3125 1.18359375 -3.625 4.61808268229167
2.375 0.984375 -2.75 4.685546875
2.4375 0.83984375 -1.875 4.74226888020833
2.5 0.75 -1 4.79166666666667
2.5625 0.71484375 -0.125 4.837158203125
2.625 0.734375 0.75 4.88216145833333
2.6875 0.80859375 1.625 4.93009440104167
2.75 0.9375 2.5 4.984375
2.8125 1.12109375 3.375 5.04842122395833
2.875 1.359375 4.25 5.12565104166667
2.9375 1.65234375 5.125 5.219482421875
3 2 6 5.33333333333333
3.0625 2.359375 5.5 5.4697265625
3.125 2.6875 5 5.62760416666667
3.1875 2.984375 4.5 5.80501302083333
3.25 3.25 4 6
3.3125 3.484375 3.5 6.21061197916667
3.375 3.6875 3 6.43489583333333
3.4375 3.859375 2.5 6.6708984375
3.5 4 2 6.91666666666667
3.5625 4.109375 1.5 7.17024739583333
3.625 4.1875 1 7.4296875
3.6875 4.234375 0.5 7.69303385416667
3.75 4.25 0 7.95833333333333
3.8125 4.234375 -0.5 8.2236328125
3.875 4.1875 -1 8.48697916666667
3.9375 4.109375 -1.5 8.74641927083333
4 4 -2 9
4.0625 3.875 -2 9.24609375
4.125 3.75 -2 9.484375
4.1875 3.625 -2 9.71484375
4.25 3.5 -2 9.9375
4.3125 3.375 -2 10.15234375
4.375 3.25 -2 10.359375
4.4375 3.125 -2 10.55859375
4.5 3 -2 10.75
4.5625 2.875 -2 10.93359375
4.625 2.75 -2 11.109375
4.6875 2.625 -2 11.27734375
4.75 2.5 -2 11.4375
4.8125 2.375 -2 11.58984375
4.875 2.25 -2 11.734375
4.9375 2.125 -2 11.87109375
5 2 -2 12
