1 1 0
1.0625 1.1875 0.068359375
1.125 1.375 0.1484375
1.1875 1.5625 0.240234375
1.25 1.75 0.34375
1.3125 1.9375 0.458984375
1.375 2.125 0.5859375
1.4375 2.3125 0.724609375
1.5 2.5 0.875
1.5625 2.6875 1.037109375
1.625 2.875 1.2109375
1.6875 3.0625 1.396484375
1.75 3.25 1.59375
1.8125 3.4375 1.802734375
1.875 3.625 2.0234375
1.9375 3.8125 2.255859375
2 4 2.5
2.0625 4.3125 2.759765625
2.125 4.625 3.0390625
2.1875 4.9375 3.337890625
2.25 5.25 3.65625
2.3125 5.5625 3.994140625
2.375 5.875 4.3515625
2.4375 6.1875 4.728515625
2.5 6.5 5.125
2.5625 6.8125 5.541015625
2.625 7.125 5.9765625
2.6875 7.4375 6.431640625
2.75 7.75 6.90625
2.8125 8.0625 7.400390625
2.875 8.375 7.9140625
2.9375 8.6875 8.447265625
3 9 9
3.0625 9.4375 9.576171875
3.125 9.875 10.1796875
3.1875 10.3125 10.810546875
3.25 10.75 11.46875
3.3125 11.1875 12.154296875
3.375 11.625 12.8671875
3.4375 12.0625 13.607421875
3.5 12.5 14.375
3.5625 12.9375 15.169921875
3.625 13.375 15.9921875
3.6875 13.8125 16.841796875
3.75 14.25 17.71875
3.8125 14.6875 18.623046875
3.875 15.125 19.5546875
3.9375 15.5625 20.513671875
4 16 21.5
4.0625 16.5625 22.517578125
4.125 17.125 23.5703125
4.1875 17.6875 24.658203125
4.25 18.25 25.78125
4.3125 18.8125 26.939453125
4.375 19.375 28.1328125
4.4375 19.9375 29.361328125
4.5 20.5 30.625
4.5625 21.0625 31.923828125
4.625 21.625 33.2578125
4.6875 22.1875 34.626953125
4.75 22.75 36.03125
4.8125 23.3125 37.470703125
4.875 23.875 38.9453125
4.9375 24.4375 40.455078125
5 25 42
