0 0 0
0.0625 0.0562697697598191 0.00175843030499435
0.125 0.112539539519638 0.00703372121997739
0.1875 0.168809309279457 0.0158258727449491
0.25 0.225079079039277 0.0281348848799096
0.3125 0.281348848799096 0.0439607576248587
0.375 0.337618618558915 0.0633034909797965
0.4375 0.393888388318734 0.086163084944723
0.5 0.450158158078553 0.112539539519638
0.5625 0.506427927838372 0.142432854704542
0.625 0.562697697598191 0.175843030499435
0.6875 0.61896746735801 0.212770066904316
0.75 0.67523723711783 0.253213963919186
0.8125 0.717213685592766 0.296981033915059
0.875 0.740521387378895 0.342535254945424
0.9375 0.763829089165023 0.389546207337421
1 0.787136790951152 0.438013891091052
1.0625 0.81044449273728 0.487938306206315
1.125 0.833752194523409 0.539319452683212
1.1875 0.857059896309537 0.592157330521741
1.25 0.880367598095666 0.646451939721904
1.3125 0.903675299881794 0.702203280283699
1.375 0.926983001667923 0.759411352207128
1.4375 0.950290703454051 0.81807615549219
1.5 0.97359840524018 0.878197690138885
1.5625 0.996906107026309 0.939775956147212
1.625 0.979786191187563 1.00171529083007
1.6875 0.956478489401434 1.06222356209848
1.75 0.933170787615306 1.12127510200525
1.8125 0.909863085829177 1.17886991055039
1.875 0.886555384043049 1.2350079877339
1.9375 0.86324768225692 1.28968933355577
2 0.839939980470792 1.34291394801601
2.0625 0.816632278684663 1.39468183111462
2.125 0.793324576898535 1.4449929828516
2.1875 0.770016875112406 1.49384740322694
2.25 0.746709173326277 1.54124509224065
2.3125 0.723401471540149 1.58718604989272
2.375 0.690175873873063 1.63157702063904
2.4375 0.633906104113244 1.67295458245111
2.5 0.577636334353425 1.71081528365319
2.5625 0.521366564593606 1.74515912424529
2.625 0.465096794833787 1.77598610422739
2.6875 0.408827025073967 1.80329622359951
2.75 0.352557255314148 1.82708948236164
2.8125 0.296287485554329 1.84736588051378
2.875 0.24001771579451 1.86412541805593
2.9375 0.183747946034691 1.87736809498809
3 0.127478176274872 1.88709391131027
3.0625 0.0712084065150527 1.89330286702245
3.125 0.0149386367552335 1.89599496212465
3.1875 -0.0413311330045856 1.89517019661686
3.25 -0.0976009027644047 1.89082857049907
3.3125 -0.153870672524224 1.88297008377131
3.375 -0.210140442284043 1.87159473643355
3.4375 -0.266410212043862 1.8567025284858
3.5 -0.322679981803681 1.83829345992806
3.5625 -0.3789497515635 1.81636753076034
3.625 -0.435219521323319 1.79092474098263
3.6875 -0.491489291083139 1.76196509059492
3.75 -0.547759060842958 1.72948857959723
3.8125 -0.604028830602777 1.69349520798956
3.875 -0.660298600362596 1.65398497577189
3.9375 -0.711025899645383 1.61098700636252
4 -0.734333601431512 1.56581952195387
4.0625 -0.75764130321764 1.51919530618358
4.125 -0.780949005003769 1.47111435905167
4.1875 -0.804256706789897 1.42157668055811
4.25 -0.827564408576026 1.37058227070293
4.3125 -0.850872110362154 1.31813112948611
4.375 -0.874179812148283 1.26422325690766
4.4375 -0.897487513934411 1.20885865296757
4.5 -0.92079521572054 1.15203731766586
4.5625 -0.944102917506669 1.09375925100251
4.625 -0.967410619292797 1.03402445297752
4.6875 -0.990718321078926 0.972832923590908
4.75 -0.985973977134946 0.910712195863761
4.8125 -0.962666275348817 0.849817187973643
4.875 -0.939358573562689 0.790378911445159
4.9375 -0.91605087177656 0.732397366278307
5 -0.892743169990432 0.675872552473089
5.0625 -0.869435468204303 0.620804470029503
5.125 -0.846127766418175 0.567193118947551
5.1875 -0.822820064632046 0.515038499227231
5.25 -0.799512362845918 0.464340610868545
5.3125 -0.776204661059789 0.415099453871492
5.375 -0.75289695927366 0.367315028236071
5.4375 -0.729589257487532 0.320987333962284
5.5 -0.705114510628297 0.276117662301603
5.5625 -0.648844740868477 0.233806435692329
5.625 -0.592574971108658 0.195012069693043
5.6875 -0.536305201348839 0.159734564303747
5.75 -0.48003543158902 0.127973919524438
5.8125 -0.423765661829201 0.0997301353551191
5.875 -0.367495892069382 0.0750032117957884
5.9375 -0.311226122309563 0.0537931488464463
6 -0.254956352549744 0.036099946507093
6.0625 -0.198686582789924 0.0219236047777284
6.125 -0.142416813030105 0.0112641236583525
6.1875 -0.0861470432702861 0.00412150314896526
6.25 -0.029877273510467 0.000495743249566749
