0 0 0.998106032500614 0
0.125 0.124454325804124 0.990691754297736 0.00778804937083438
0.25 0.247055082057528 0.968448919689104 0.0310363493864176
0.375 0.365948699209493 0.931377528674716 0.0693973557559897
0.5 0.4792816077093 0.879477581254574 0.122291827994951
0.625 0.58520023800623 0.812749077428676 0.188908829424862
0.75 0.681851020549563 0.731192017197024 0.268205727173442
0.875 0.76744832129405 0.63707091740862 0.358909720723446
1 0.840860921277055 0.53651534990475 0.45955998011266
1.125 0.901323325666558 0.429867787912579 0.568585359559647
1.25 0.948074035151521 0.317128231432106 0.684319490908277
1.375 0.980351550420905 0.198296680463331 0.805000818588544
1.5 0.997394372163674 0.0733731350062544 0.928772599616561
1.625 0.998462458875224 -0.0564719791336273 1.0536831986394
1.75 0.983482105681705 -0.182213808431293 1.17771846026444
1.875 0.953158972650247 -0.301956456540651 1.29891444256658
2 0.908242957429388 -0.415699923461699 1.41540016666911
2.125 0.849483957667668 -0.523444209194439 1.52539839090139
2.25 0.777631871013625 -0.62518931373887 1.62722561079885
2.375 0.693437257544926 -0.720830643022044 1.71929206224951
2.5 0.597936408258287 -0.804674049355227 1.80011208746421
2.625 0.492895969258356 -0.873464078434715 1.86837868140936
2.75 0.380197612701845 -0.92720073026051 1.9230169998806
2.875 0.261723010745466 -0.96588400483261 1.96318740769316
3 0.13935383554593 -0.989513902151017 1.98828547868184
3.125 0.0149717592599489 -0.99809042221573 1.99794199570104
3.25 -0.109547924911111 -0.991787536536191 1.99202277520348
3.375 -0.232366605754504 -0.970877345179856 1.97062589022522
3.5 -0.351658758261518 -0.935363083154131 1.93407806244554
3.625 -0.465598873598479 -0.885244750459017 1.88293420220859
3.75 -0.572361442931714 -0.820522347094512 1.81797740846274
3.875 -0.670120957427549 -0.741195873060617 1.74021896876056
4 -0.75708829161548 -0.648740329566939 1.6508976861666
4.125 -0.832036352499852 -0.549397536012725 1.55144804331361
4.25 -0.89417989847609 -0.443868091036796 1.44342211949614
4.375 -0.942745598116479 -0.332151994639151 1.32846881229192
4.5 -0.976960119993306 -0.21424924681979 1.20833368570717
4.625 -0.996050132678855 -0.0901598475787145 1.08485897017656
4.75 -0.999249441641574 0.0395527639135213 0.959983494762732
4.875 -0.986326580965072 0.166211858546368 0.83572007265368
5 -0.957946764096016 0.286864062994387 0.71404588936282
5.125 -0.91486085230751 0.401509377257579 0.596846135584653
5.25 -0.857819706872656 0.510147801335944 0.48591214435454
5.375 -0.787574189064558 0.612779335229482 0.382941391048707
5.5 -0.704875162737387 0.709401397871348 0.289537493382304
5.625 -0.610673958809734 0.795323043664677 0.207203796142649
5.75 -0.506668107147824 0.866275761619446 0.137277530668798
5.875 -0.394728723731479 0.922259551735657 0.0808673331787948
6 -0.276726924540517 0.963274414013308 0.0388479503932044
6.125 -0.154533825554758 0.9893203484524 0.0118602395351155
6.25 -0.0300205427540232 1.00039735505293 0.000311168330138889
