1 1 1 0
1.0625 1.0625 1 0.064453125
1.125 1.125 1 0.1328125
1.1875 1.1875 1 0.205078125
1.25 1.25 1 0.28125
1.3125 1.3125 1 0.361328125
1.375 1.375 1 0.4453125
1.4375 1.4375 1 0.533203125
1.5 1.5 1 0.625
1.5625 1.5625 1 0.720703125
1.625 1.625 1 0.8203125
1.6875 1.6875 1 0.923828125
1.75 1.75 1 1.03125
1.8125 1.8125 1 1.142578125
1.875 1.875 1 1.2578125
1.9375 1.9375 1 1.376953125
2 2 1 1.5
2.0625 2.0625 1 1.626953125
2.125 2.125 1 1.7578125
2.1875 2.1875 1 1.892578125
2.25 2.25 1 2.03125
2.3125 2.3125 1 2.173828125
2.375 2.375 1 2.3203125
2.4375 2.4375 1 2.470703125
2.5 2.5 1 2.625
2.5625 2.5625 1 2.783203125
2.625 2.625 1 2.9453125
2.6875 2.6875 1 3.111328125
2.75 2.75 1 3.28125
2.8125 2.8125 1 3.455078125
2.875 2.875 1 3.6328125
2.9375 2.9375 1 3.814453125
3 3 1 4
3.0625 3.0625 1 4.189453125
3.125 3.125 1 4.3828125
3.1875 3.1875 1 4.580078125
3.25 3.25 1 4.78125
3.3125 3.3125 1 4.986328125
3.375 3.375 1 5.1953125
3.4375 3.4375 1 5.408203125
3.5 3.5 1 5.625
3.5625 3.5625 1 5.845703125
3.625 3.625 1 6.0703125
3.6875 3.6875 1 6.298828125
3.75 3.75 1 6.53125
3.8125 3.8125 1 6.767578125
3.875 3.875 1 7.0078125
3.9375 3.9375 1 7.251953125
4 4 1 7.5
4.0625 4.0625 1 7.751953125
4.125 4.125 1 8.0078125
4.1875 4.1875 1 8.267578125
4.25 4.25 1 8.53125
4.3125 4.3125 1 8.798828125
4.375 4.375 1 9.0703125
4.4375 4.4375 1 9.345703125
4.5 4.5 1 9.625
4.5625 4.5625 1 9.908203125
4.625 4.625 1 10.1953125
4.6875 4.6875 1 10.486328125
4.75 4.75 1 10.78125
4.8125 4.8125 1 11.080078125
4.875 4.875 1 11.3828125
4.9375 4.9375 1 11.689453125
5 5 1 12
